{
  "meta": {
    "n_proteins": 177,
    "conditions": [
      "sequence",
      "structure",
      "ss8",
      "sasa",
      "function",
      "all"
    ],
    "conditions_order": [
      "sequence",
      "structure",
      "ss8",
      "sasa",
      "function",
      "all"
    ],
    "layers": [
      0,
      1,
      2,
      3,
      4,
      5,
      6,
      7,
      8,
      9,
      10,
      11,
      12,
      13,
      14,
      15,
      16,
      17,
      18,
      19,
      20,
      21,
      22,
      23,
      24,
      25,
      26,
      27,
      28,
      29,
      30,
      31,
      32,
      33,
      34,
      35,
      36,
      37,
      38,
      39,
      40,
      41,
      42,
      43,
      44,
      45,
      46,
      47
    ],
    "d_model": 1536,
    "space": "full (1536-d mean-pooled residual stream)",
    "distance": "euclidean",
    "cka": "linear (Kornblith et al. 2019)",
    "integration_index": "mean linear CKA over all unordered condition pairs"
  },
  "per_layer": {
    "0": {
      "silhouette_overall": 0.311784961381867,
      "silhouette_by_condition": {
        "sequence": 0.7548215029651848,
        "structure": 0.40166394961818175,
        "ss8": 0.41354614567378906,
        "sasa": 0.5478864999411184,
        "function": -0.22932418475313848,
        "all": -0.01788414515393338
      },
      "conditions_present": [
        "sequence",
        "structure",
        "ss8",
        "sasa",
        "function",
        "all"
      ],
      "cka_matrix": [
        [
          1.0,
          0.36863536326500473,
          0.18241390248192546,
          0.5942904546739136,
          0.10168284569237471,
          0.38760949250601623
        ],
        [
          0.36863536326500473,
          1.0,
          0.6855379734504604,
          0.5835046203149714,
          0.10377587888437931,
          0.6415652045816365
        ],
        [
          0.18241390248192546,
          0.6855379734504604,
          1.0,
          0.15825789396729092,
          0.11410328773561769,
          0.4707252716559099
        ],
        [
          0.5942904546739136,
          0.5835046203149714,
          0.15825789396729092,
          1.0,
          0.08919534259595883,
          0.5049299913519824
        ],
        [
          0.10168284569237471,
          0.10377587888437931,
          0.11410328773561769,
          0.08919534259595883,
          1.0,
          0.6077969331740402
        ],
        [
          0.38760949250601623,
          0.6415652045816365,
          0.4707252716559099,
          0.5049299913519824,
          0.6077969331740402,
          1.0
        ]
      ],
      "cka_pairs": {
        "sequence|structure": 0.36863536326500473,
        "sequence|ss8": 0.18241390248192546,
        "sequence|sasa": 0.5942904546739136,
        "sequence|function": 0.10168284569237471,
        "sequence|all": 0.38760949250601623,
        "structure|ss8": 0.6855379734504604,
        "structure|sasa": 0.5835046203149714,
        "structure|function": 0.10377587888437931,
        "structure|all": 0.6415652045816365,
        "ss8|sasa": 0.15825789396729092,
        "ss8|function": 0.11410328773561769,
        "ss8|all": 0.4707252716559099,
        "sasa|function": 0.08919534259595883,
        "sasa|all": 0.5049299913519824,
        "function|all": 0.6077969331740402
      },
      "mean_pairwise_cka": 0.37293496375543206,
      "alignment_to_all": 0.522525378653917,
      "centroid_separation_eta_sq": 0.4041347625710144,
      "integration_index": 0.37293496375543206
    },
    "1": {
      "silhouette_overall": 0.3251258892334494,
      "silhouette_by_condition": {
        "sequence": 0.7543660186570675,
        "structure": 0.39745073992412006,
        "ss8": 0.42682102042669523,
        "sasa": 0.5603236649241691,
        "function": -0.21412642853068292,
        "all": 0.025920319999327885
      },
      "conditions_present": [
        "sequence",
        "structure",
        "ss8",
        "sasa",
        "function",
        "all"
      ],
      "cka_matrix": [
        [
          1.0,
          0.2716897342452807,
          0.09328245257769924,
          0.5744549929557566,
          0.06959109582195712,
          0.31018736381368844
        ],
        [
          0.2716897342452807,
          1.0,
          0.6764668097198573,
          0.5623552614638327,
          0.09138940766944377,
          0.6682671744402879
        ],
        [
          0.09328245257769924,
          0.6764668097198573,
          1.0,
          0.1750074857732475,
          0.09424376432616498,
          0.47036242327439687
        ],
        [
          0.5744549929557566,
          0.5623552614638327,
          0.1750074857732475,
          1.0,
          0.0793030168938843,
          0.5091159257702704
        ],
        [
          0.06959109582195712,
          0.09138940766944377,
          0.09424376432616498,
          0.0793030168938843,
          1.0,
          0.4960443488161897
        ],
        [
          0.31018736381368844,
          0.6682671744402879,
          0.47036242327439687,
          0.5091159257702704,
          0.4960443488161897,
          1.0
        ]
      ],
      "cka_pairs": {
        "sequence|structure": 0.2716897342452807,
        "sequence|ss8": 0.09328245257769924,
        "sequence|sasa": 0.5744549929557566,
        "sequence|function": 0.06959109582195712,
        "sequence|all": 0.31018736381368844,
        "structure|ss8": 0.6764668097198573,
        "structure|sasa": 0.5623552614638327,
        "structure|function": 0.09138940766944377,
        "structure|all": 0.6682671744402879,
        "ss8|sasa": 0.1750074857732475,
        "ss8|function": 0.09424376432616498,
        "ss8|all": 0.47036242327439687,
        "sasa|function": 0.0793030168938843,
        "sasa|all": 0.5091159257702704,
        "function|all": 0.4960443488161897
      },
      "mean_pairwise_cka": 0.34278408383746384,
      "alignment_to_all": 0.4907954472229667,
      "centroid_separation_eta_sq": 0.4792762327447767,
      "integration_index": 0.34278408383746384
    },
    "2": {
      "silhouette_overall": 0.325435357029994,
      "silhouette_by_condition": {
        "sequence": 0.7498378132875131,
        "structure": 0.3408408844161659,
        "ss8": 0.44475684620076594,
        "sasa": 0.5504596385762512,
        "function": -0.19920638987453881,
        "all": 0.06592334957380655
      },
      "conditions_present": [
        "sequence",
        "structure",
        "ss8",
        "sasa",
        "function",
        "all"
      ],
      "cka_matrix": [
        [
          1.0,
          0.2762653182930535,
          0.08521860227076601,
          0.5925004519790997,
          0.05572051745871558,
          0.32753846807673564
        ],
        [
          0.2762653182930535,
          1.0,
          0.6842759417608401,
          0.5983349736534738,
          0.07675035678838145,
          0.7395306884762912
        ],
        [
          0.08521860227076601,
          0.6842759417608401,
          1.0,
          0.18420993403866423,
          0.07587917070258536,
          0.5238062905534925
        ],
        [
          0.5925004519790997,
          0.5983349736534738,
          0.18420993403866423,
          1.0,
          0.06315317755119894,
          0.5525849602736856
        ],
        [
          0.05572051745871558,
          0.07675035678838145,
          0.07587917070258536,
          0.06315317755119894,
          1.0,
          0.36291496152451097
        ],
        [
          0.32753846807673564,
          0.7395306884762912,
          0.5238062905534925,
          0.5525849602736856,
          0.36291496152451097,
          1.0
        ]
      ],
      "cka_pairs": {
        "sequence|structure": 0.2762653182930535,
        "sequence|ss8": 0.08521860227076601,
        "sequence|sasa": 0.5925004519790997,
        "sequence|function": 0.05572051745871558,
        "sequence|all": 0.32753846807673564,
        "structure|ss8": 0.6842759417608401,
        "structure|sasa": 0.5983349736534738,
        "structure|function": 0.07675035678838145,
        "structure|all": 0.7395306884762912,
        "ss8|sasa": 0.18420993403866423,
        "ss8|function": 0.07587917070258536,
        "ss8|all": 0.5238062905534925,
        "sasa|function": 0.06315317755119894,
        "sasa|all": 0.5525849602736856,
        "function|all": 0.36291496152451097
      },
      "mean_pairwise_cka": 0.346578920893433,
      "alignment_to_all": 0.5012750737809433,
      "centroid_separation_eta_sq": 0.544492827763652,
      "integration_index": 0.346578920893433
    },
    "3": {
      "silhouette_overall": 0.3244187997720724,
      "silhouette_by_condition": {
        "sequence": 0.7067068959374535,
        "structure": 0.3297274357900929,
        "ss8": 0.43893461957489044,
        "sasa": 0.5493552275442042,
        "function": -0.17033213247205012,
        "all": 0.09212075225784362
      },
      "conditions_present": [
        "sequence",
        "structure",
        "ss8",
        "sasa",
        "function",
        "all"
      ],
      "cka_matrix": [
        [
          1.0,
          0.2802036276152055,
          0.09269866542537863,
          0.5502772961958624,
          0.047932941375796026,
          0.34292138387058496
        ],
        [
          0.2802036276152055,
          1.0,
          0.7188226516536812,
          0.6137154227326532,
          0.06769566826157626,
          0.805494502973222
        ],
        [
          0.09269866542537863,
          0.7188226516536812,
          1.0,
          0.21752078756834128,
          0.06399676855493855,
          0.5921573811306059
        ],
        [
          0.5502772961958624,
          0.6137154227326532,
          0.21752078756834128,
          1.0,
          0.05508512207762026,
          0.5919851535386609
        ],
        [
          0.047932941375796026,
          0.06769566826157626,
          0.06399676855493855,
          0.05508512207762026,
          1.0,
          0.2592204814617018
        ],
        [
          0.34292138387058496,
          0.805494502973222,
          0.5921573811306059,
          0.5919851535386609,
          0.2592204814617018,
          1.0
        ]
      ],
      "cka_pairs": {
        "sequence|structure": 0.2802036276152055,
        "sequence|ss8": 0.09269866542537863,
        "sequence|sasa": 0.5502772961958624,
        "sequence|function": 0.047932941375796026,
        "sequence|all": 0.34292138387058496,
        "structure|ss8": 0.7188226516536812,
        "structure|sasa": 0.6137154227326532,
        "structure|function": 0.06769566826157626,
        "structure|all": 0.805494502973222,
        "ss8|sasa": 0.21752078756834128,
        "ss8|function": 0.06399676855493855,
        "ss8|all": 0.5921573811306059,
        "sasa|function": 0.05508512207762026,
        "sasa|all": 0.5919851535386609,
        "function|all": 0.2592204814617018
      },
      "mean_pairwise_cka": 0.3533151902957219,
      "alignment_to_all": 0.5183557805949551,
      "centroid_separation_eta_sq": 0.5937973119099078,
      "integration_index": 0.3533151902957219
    },
    "4": {
      "silhouette_overall": 0.33138992106027804,
      "silhouette_by_condition": {
        "sequence": 0.6420945632571603,
        "structure": 0.30847248533099464,
        "ss8": 0.46686772212245103,
        "sasa": 0.5541534207437206,
        "function": -0.11913994132143858,
        "all": 0.13589127622877997
      },
      "conditions_present": [
        "sequence",
        "structure",
        "ss8",
        "sasa",
        "function",
        "all"
      ],
      "cka_matrix": [
        [
          1.0,
          0.28147189375979975,
          0.11637808468719303,
          0.5287270511996569,
          0.044010663427552006,
          0.38502121075832013
        ],
        [
          0.28147189375979975,
          1.0,
          0.7286500561570297,
          0.6301029564344203,
          0.06137044562642223,
          0.8543668273117982
        ],
        [
          0.11637808468719303,
          0.7286500561570297,
          1.0,
          0.2610714561404395,
          0.05671165341917065,
          0.6209510824192588
        ],
        [
          0.5287270511996569,
          0.6301029564344203,
          0.2610714561404395,
          1.0,
          0.05381701737869972,
          0.6589853891375268
        ],
        [
          0.044010663427552006,
          0.06137044562642223,
          0.05671165341917065,
          0.05381701737869972,
          1.0,
          0.19316973681973637
        ],
        [
          0.38502121075832013,
          0.8543668273117982,
          0.6209510824192588,
          0.6589853891375268,
          0.19316973681973637,
          1.0
        ]
      ],
      "cka_pairs": {
        "sequence|structure": 0.28147189375979975,
        "sequence|ss8": 0.11637808468719303,
        "sequence|sasa": 0.5287270511996569,
        "sequence|function": 0.044010663427552006,
        "sequence|all": 0.38502121075832013,
        "structure|ss8": 0.7286500561570297,
        "structure|sasa": 0.6301029564344203,
        "structure|function": 0.06137044562642223,
        "structure|all": 0.8543668273117982,
        "ss8|sasa": 0.2610714561404395,
        "ss8|function": 0.05671165341917065,
        "ss8|all": 0.6209510824192588,
        "sasa|function": 0.05381701737869972,
        "sasa|all": 0.6589853891375268,
        "function|all": 0.19316973681973637
      },
      "mean_pairwise_cka": 0.3649870349784683,
      "alignment_to_all": 0.5424988492893281,
      "centroid_separation_eta_sq": 0.6303979908669345,
      "integration_index": 0.3649870349784683
    },
    "5": {
      "silhouette_overall": 0.35813135168351473,
      "silhouette_by_condition": {
        "sequence": 0.5901830684385959,
        "structure": 0.4018375877228993,
        "ss8": 0.4805297697252759,
        "sasa": 0.5230714747335528,
        "function": -0.04833287266383517,
        "all": 0.20149908214459994
      },
      "conditions_present": [
        "sequence",
        "structure",
        "ss8",
        "sasa",
        "function",
        "all"
      ],
      "cka_matrix": [
        [
          1.0,
          0.3099471253148971,
          0.13084747052512272,
          0.5334054187467832,
          0.055946616788148794,
          0.4340047443029942
        ],
        [
          0.3099471253148971,
          1.0,
          0.7376669525568127,
          0.6899751481654103,
          0.06722276077469926,
          0.8792202775109815
        ],
        [
          0.13084747052512272,
          0.7376669525568127,
          1.0,
          0.31089741462169956,
          0.05433274202108756,
          0.6382643898192484
        ],
        [
          0.5334054187467832,
          0.6899751481654103,
          0.31089741462169956,
          1.0,
          0.06241644446091032,
          0.7307263957058069
        ],
        [
          0.055946616788148794,
          0.06722276077469926,
          0.05433274202108756,
          0.06241644446091032,
          1.0,
          0.1554786209774691
        ],
        [
          0.4340047443029942,
          0.8792202775109815,
          0.6382643898192484,
          0.7307263957058069,
          0.1554786209774691,
          1.0
        ]
      ],
      "cka_pairs": {
        "sequence|structure": 0.3099471253148971,
        "sequence|ss8": 0.13084747052512272,
        "sequence|sasa": 0.5334054187467832,
        "sequence|function": 0.055946616788148794,
        "sequence|all": 0.4340047443029942,
        "structure|ss8": 0.7376669525568127,
        "structure|sasa": 0.6899751481654103,
        "structure|function": 0.06722276077469926,
        "structure|all": 0.8792202775109815,
        "ss8|sasa": 0.31089741462169956,
        "ss8|function": 0.05433274202108756,
        "ss8|all": 0.6382643898192484,
        "sasa|function": 0.06241644446091032,
        "sasa|all": 0.7307263957058069,
        "function|all": 0.1554786209774691
      },
      "mean_pairwise_cka": 0.38602350148613807,
      "alignment_to_all": 0.5675388856633,
      "centroid_separation_eta_sq": 0.6742721000169606,
      "integration_index": 0.38602350148613807
    },
    "6": {
      "silhouette_overall": 0.3644288747706583,
      "silhouette_by_condition": {
        "sequence": 0.530731128220472,
        "structure": 0.396642493978318,
        "ss8": 0.49387621143965893,
        "sasa": 0.4756253891492138,
        "function": 0.021925728812862273,
        "all": 0.267772297023425
      },
      "conditions_present": [
        "sequence",
        "structure",
        "ss8",
        "sasa",
        "function",
        "all"
      ],
      "cka_matrix": [
        [
          1.0,
          0.32239832199828583,
          0.1537366972976442,
          0.5475056344864361,
          0.0673154424540115,
          0.45566610372161787
        ],
        [
          0.32239832199828583,
          1.0,
          0.7493355581060129,
          0.6972425794315786,
          0.06617190253007775,
          0.8931769956759076
        ],
        [
          0.1537366972976442,
          0.7493355581060129,
          1.0,
          0.3811450432910689,
          0.05265654239128978,
          0.6708957025653808
        ],
        [
          0.5475056344864361,
          0.6972425794315786,
          0.3811450432910689,
          1.0,
          0.07016870540923562,
          0.7450119411933639
        ],
        [
          0.0673154424540115,
          0.06617190253007775,
          0.05265654239128978,
          0.07016870540923562,
          1.0,
          0.1293304860233822
        ],
        [
          0.45566610372161787,
          0.8931769956759076,
          0.6708957025653808,
          0.7450119411933639,
          0.1293304860233822,
          1.0
        ]
      ],
      "cka_pairs": {
        "sequence|structure": 0.32239832199828583,
        "sequence|ss8": 0.1537366972976442,
        "sequence|sasa": 0.5475056344864361,
        "sequence|function": 0.0673154424540115,
        "sequence|all": 0.45566610372161787,
        "structure|ss8": 0.7493355581060129,
        "structure|sasa": 0.6972425794315786,
        "structure|function": 0.06617190253007775,
        "structure|all": 0.8931769956759076,
        "ss8|sasa": 0.3811450432910689,
        "ss8|function": 0.05265654239128978,
        "ss8|all": 0.6708957025653808,
        "sasa|function": 0.07016870540923562,
        "sasa|all": 0.7450119411933639,
        "function|all": 0.1293304860233822
      },
      "mean_pairwise_cka": 0.40011717710501954,
      "alignment_to_all": 0.5788162458359305,
      "centroid_separation_eta_sq": 0.7005789549832084,
      "integration_index": 0.40011717710501954
    },
    "7": {
      "silhouette_overall": 0.361117208242755,
      "silhouette_by_condition": {
        "sequence": 0.4785117175469968,
        "structure": 0.3821241936585624,
        "ss8": 0.48386861174725804,
        "sasa": 0.4442119444231282,
        "function": 0.09151851658053319,
        "all": 0.28646826550005144
      },
      "conditions_present": [
        "sequence",
        "structure",
        "ss8",
        "sasa",
        "function",
        "all"
      ],
      "cka_matrix": [
        [
          1.0,
          0.3296245850374911,
          0.18179119116470574,
          0.5346535466364196,
          0.06922496706385842,
          0.49303945659011694
        ],
        [
          0.3296245850374911,
          1.0,
          0.7446445129245662,
          0.6865889695966735,
          0.06676744684657242,
          0.8920596279414701
        ],
        [
          0.18179119116470574,
          0.7446445129245662,
          1.0,
          0.41333365751549106,
          0.05131175840645927,
          0.6763019138328354
        ],
        [
          0.5346535466364196,
          0.6865889695966735,
          0.41333365751549106,
          1.0,
          0.0701619229297668,
          0.7569679765199576
        ],
        [
          0.06922496706385842,
          0.06676744684657242,
          0.05131175840645927,
          0.0701619229297668,
          1.0,
          0.11876808456928029
        ],
        [
          0.49303945659011694,
          0.8920596279414701,
          0.6763019138328354,
          0.7569679765199576,
          0.11876808456928029,
          1.0
        ]
      ],
      "cka_pairs": {
        "sequence|structure": 0.3296245850374911,
        "sequence|ss8": 0.18179119116470574,
        "sequence|sasa": 0.5346535466364196,
        "sequence|function": 0.06922496706385842,
        "sequence|all": 0.49303945659011694,
        "structure|ss8": 0.7446445129245662,
        "structure|sasa": 0.6865889695966735,
        "structure|function": 0.06676744684657242,
        "structure|all": 0.8920596279414701,
        "ss8|sasa": 0.41333365751549106,
        "ss8|function": 0.05131175840645927,
        "ss8|all": 0.6763019138328354,
        "sasa|function": 0.0701619229297668,
        "sasa|all": 0.7569679765199576,
        "function|all": 0.11876808456928029
      },
      "mean_pairwise_cka": 0.40568264117171104,
      "alignment_to_all": 0.587427411890732,
      "centroid_separation_eta_sq": 0.7005278854085444,
      "integration_index": 0.40568264117171104
    },
    "8": {
      "silhouette_overall": 0.3681792071297879,
      "silhouette_by_condition": {
        "sequence": 0.43414593935730655,
        "structure": 0.4198149956892578,
        "ss8": 0.47211276036130045,
        "sasa": 0.4271356939287774,
        "function": 0.15725689737622195,
        "all": 0.29860895606586324
      },
      "conditions_present": [
        "sequence",
        "structure",
        "ss8",
        "sasa",
        "function",
        "all"
      ],
      "cka_matrix": [
        [
          1.0,
          0.35160430506928547,
          0.20630111135613466,
          0.5632806355807095,
          0.07287291097562605,
          0.5215386835593975
        ],
        [
          0.35160430506928547,
          1.0,
          0.7204663446252015,
          0.6906369776200172,
          0.06667239688085164,
          0.8942302459254937
        ],
        [
          0.20630111135613466,
          0.7204663446252015,
          1.0,
          0.4128925528410406,
          0.049800160683749706,
          0.6473445804018352
        ],
        [
          0.5632806355807095,
          0.6906369776200172,
          0.4128925528410406,
          1.0,
          0.0700835562906734,
          0.7671273334095615
        ],
        [
          0.07287291097562605,
          0.06667239688085164,
          0.049800160683749706,
          0.0700835562906734,
          1.0,
          0.11085687862266665
        ],
        [
          0.5215386835593975,
          0.8942302459254937,
          0.6473445804018352,
          0.7671273334095615,
          0.11085687862266665,
          1.0
        ]
      ],
      "cka_pairs": {
        "sequence|structure": 0.35160430506928547,
        "sequence|ss8": 0.20630111135613466,
        "sequence|sasa": 0.5632806355807095,
        "sequence|function": 0.07287291097562605,
        "sequence|all": 0.5215386835593975,
        "structure|ss8": 0.7204663446252015,
        "structure|sasa": 0.6906369776200172,
        "structure|function": 0.06667239688085164,
        "structure|all": 0.8942302459254937,
        "ss8|sasa": 0.4128925528410406,
        "ss8|function": 0.049800160683749706,
        "ss8|all": 0.6473445804018352,
        "sasa|function": 0.0700835562906734,
        "sasa|all": 0.7671273334095615,
        "function|all": 0.11085687862266665
      },
      "mean_pairwise_cka": 0.40971391158948295,
      "alignment_to_all": 0.5882195443837909,
      "centroid_separation_eta_sq": 0.7197416470261055,
      "integration_index": 0.40971391158948295
    },
    "9": {
      "silhouette_overall": 0.3665553287447741,
      "silhouette_by_condition": {
        "sequence": 0.41421920277928354,
        "structure": 0.4093377751999664,
        "ss8": 0.4568882848647448,
        "sasa": 0.4075745454412324,
        "function": 0.21151622049800992,
        "all": 0.2997959436854074
      },
      "conditions_present": [
        "sequence",
        "structure",
        "ss8",
        "sasa",
        "function",
        "all"
      ],
      "cka_matrix": [
        [
          1.0,
          0.36952014866350524,
          0.22340750215096525,
          0.5666537618476299,
          0.07688179271326823,
          0.5486796247052363
        ],
        [
          0.36952014866350524,
          1.0,
          0.7079783014142929,
          0.71037920478263,
          0.06540959633043973,
          0.9007633047960262
        ],
        [
          0.22340750215096525,
          0.7079783014142929,
          1.0,
          0.4594455023904025,
          0.050031562127056596,
          0.6452369616532677
        ],
        [
          0.5666537618476299,
          0.71037920478263,
          0.4594455023904025,
          1.0,
          0.0695074778363462,
          0.7737707429911087
        ],
        [
          0.07688179271326823,
          0.06540959633043973,
          0.050031562127056596,
          0.0695074778363462,
          1.0,
          0.10622474695285576
        ],
        [
          0.5486796247052363,
          0.9007633047960262,
          0.6452369616532677,
          0.7737707429911087,
          0.10622474695285576,
          1.0
        ]
      ],
      "cka_pairs": {
        "sequence|structure": 0.36952014866350524,
        "sequence|ss8": 0.22340750215096525,
        "sequence|sasa": 0.5666537618476299,
        "sequence|function": 0.07688179271326823,
        "sequence|all": 0.5486796247052363,
        "structure|ss8": 0.7079783014142929,
        "structure|sasa": 0.71037920478263,
        "structure|function": 0.06540959633043973,
        "structure|all": 0.9007633047960262,
        "ss8|sasa": 0.4594455023904025,
        "ss8|function": 0.050031562127056596,
        "ss8|all": 0.6452369616532677,
        "sasa|function": 0.0695074778363462,
        "sasa|all": 0.7737707429911087,
        "function|all": 0.10622474695285576
      },
      "mean_pairwise_cka": 0.4182593487570021,
      "alignment_to_all": 0.594935076219699,
      "centroid_separation_eta_sq": 0.7155299432654644,
      "integration_index": 0.4182593487570021
    },
    "10": {
      "silhouette_overall": 0.3739988479938995,
      "silhouette_by_condition": {
        "sequence": 0.3974933961227,
        "structure": 0.40949616426461477,
        "ss8": 0.4605904348228336,
        "sasa": 0.4065848738052108,
        "function": 0.25172349344126804,
        "all": 0.31810472550676966
      },
      "conditions_present": [
        "sequence",
        "structure",
        "ss8",
        "sasa",
        "function",
        "all"
      ],
      "cka_matrix": [
        [
          1.0,
          0.37383520924171343,
          0.2165851344727941,
          0.5816728620916626,
          0.07245791636117117,
          0.5691590093439227
        ],
        [
          0.37383520924171343,
          1.0,
          0.707741439293977,
          0.7050235911014318,
          0.06312382803802695,
          0.9047517584267508
        ],
        [
          0.2165851344727941,
          0.707741439293977,
          1.0,
          0.4454656439384797,
          0.04876345891486601,
          0.6342369153207542
        ],
        [
          0.5816728620916626,
          0.7050235911014318,
          0.4454656439384797,
          1.0,
          0.06698835665105908,
          0.7835385702205439
        ],
        [
          0.07245791636117117,
          0.06312382803802695,
          0.04876345891486601,
          0.06698835665105908,
          1.0,
          0.09584202005964364
        ],
        [
          0.5691590093439227,
          0.9047517584267508,
          0.6342369153207542,
          0.7835385702205439,
          0.09584202005964364,
          1.0
        ]
      ],
      "cka_pairs": {
        "sequence|structure": 0.37383520924171343,
        "sequence|ss8": 0.2165851344727941,
        "sequence|sasa": 0.5816728620916626,
        "sequence|function": 0.07245791636117117,
        "sequence|all": 0.5691590093439227,
        "structure|ss8": 0.707741439293977,
        "structure|sasa": 0.7050235911014318,
        "structure|function": 0.06312382803802695,
        "structure|all": 0.9047517584267508,
        "ss8|sasa": 0.4454656439384797,
        "ss8|function": 0.04876345891486601,
        "ss8|all": 0.6342369153207542,
        "sasa|function": 0.06698835665105908,
        "sasa|all": 0.7835385702205439,
        "function|all": 0.09584202005964364
      },
      "mean_pairwise_cka": 0.41794571423178645,
      "alignment_to_all": 0.5975056546743229,
      "centroid_separation_eta_sq": 0.7222333515985682,
      "integration_index": 0.41794571423178645
    },
    "11": {
      "silhouette_overall": 0.3844636956757011,
      "silhouette_by_condition": {
        "sequence": 0.4334076024376223,
        "structure": 0.4011419374317117,
        "ss8": 0.4488437220475314,
        "sasa": 0.39423273720306296,
        "function": 0.2975474557628627,
        "all": 0.3316087191714156
      },
      "conditions_present": [
        "sequence",
        "structure",
        "ss8",
        "sasa",
        "function",
        "all"
      ],
      "cka_matrix": [
        [
          1.0,
          0.39363772197288904,
          0.20224030037650978,
          0.571411345418345,
          0.07224494639671014,
          0.5865788909643949
        ],
        [
          0.39363772197288904,
          1.0,
          0.6921079593728066,
          0.7283611189237104,
          0.06249327266398016,
          0.9109063380079375
        ],
        [
          0.20224030037650978,
          0.6921079593728066,
          1.0,
          0.44619007909268604,
          0.04794586119454429,
          0.6018106773497395
        ],
        [
          0.571411345418345,
          0.7283611189237104,
          0.44619007909268604,
          1.0,
          0.06572380727103967,
          0.80400414350213
        ],
        [
          0.07224494639671014,
          0.06249327266398016,
          0.04794586119454429,
          0.06572380727103967,
          1.0,
          0.09016623303475071
        ],
        [
          0.5865788909643949,
          0.9109063380079375,
          0.6018106773497395,
          0.80400414350213,
          0.09016623303475071,
          1.0
        ]
      ],
      "cka_pairs": {
        "sequence|structure": 0.39363772197288904,
        "sequence|ss8": 0.20224030037650978,
        "sequence|sasa": 0.571411345418345,
        "sequence|function": 0.07224494639671014,
        "sequence|all": 0.5865788909643949,
        "structure|ss8": 0.6921079593728066,
        "structure|sasa": 0.7283611189237104,
        "structure|function": 0.06249327266398016,
        "structure|all": 0.9109063380079375,
        "ss8|sasa": 0.44619007909268604,
        "ss8|function": 0.04794586119454429,
        "ss8|all": 0.6018106773497395,
        "sasa|function": 0.06572380727103967,
        "sasa|all": 0.80400414350213,
        "function|all": 0.09016623303475071
      },
      "mean_pairwise_cka": 0.4183881797028116,
      "alignment_to_all": 0.5986932565717905,
      "centroid_separation_eta_sq": 0.727518318983714,
      "integration_index": 0.4183881797028116
    },
    "12": {
      "silhouette_overall": 0.3906721756722296,
      "silhouette_by_condition": {
        "sequence": 0.45417392936593304,
        "structure": 0.3987784156922996,
        "ss8": 0.4388174992482949,
        "sasa": 0.39238869007536564,
        "function": 0.3166867865507802,
        "all": 0.34318773310070416
      },
      "conditions_present": [
        "sequence",
        "structure",
        "ss8",
        "sasa",
        "function",
        "all"
      ],
      "cka_matrix": [
        [
          1.0,
          0.4232049263277662,
          0.19971127305594766,
          0.5614035683323019,
          0.07051686055188515,
          0.6106697199482628
        ],
        [
          0.4232049263277662,
          1.0,
          0.6874340311672725,
          0.745975497868656,
          0.060736531650813816,
          0.9168133631720076
        ],
        [
          0.19971127305594766,
          0.6874340311672725,
          1.0,
          0.46702342444164274,
          0.046013177403217614,
          0.5933116358466721
        ],
        [
          0.5614035683323019,
          0.745975497868656,
          0.46702342444164274,
          1.0,
          0.06269925653618565,
          0.8076847676968372
        ],
        [
          0.07051686055188515,
          0.060736531650813816,
          0.046013177403217614,
          0.06269925653618565,
          1.0,
          0.08412924800387313
        ],
        [
          0.6106697199482628,
          0.9168133631720076,
          0.5933116358466721,
          0.8076847676968372,
          0.08412924800387313,
          1.0
        ]
      ],
      "cka_pairs": {
        "sequence|structure": 0.4232049263277662,
        "sequence|ss8": 0.19971127305594766,
        "sequence|sasa": 0.5614035683323019,
        "sequence|function": 0.07051686055188515,
        "sequence|all": 0.6106697199482628,
        "structure|ss8": 0.6874340311672725,
        "structure|sasa": 0.745975497868656,
        "structure|function": 0.060736531650813816,
        "structure|all": 0.9168133631720076,
        "ss8|sasa": 0.46702342444164274,
        "ss8|function": 0.046013177403217614,
        "ss8|all": 0.5933116358466721,
        "sasa|function": 0.06269925653618565,
        "sasa|all": 0.8076847676968372,
        "function|all": 0.08412924800387313
      },
      "mean_pairwise_cka": 0.42248848546688944,
      "alignment_to_all": 0.6025217469335307,
      "centroid_separation_eta_sq": 0.7349846191129846,
      "integration_index": 0.42248848546688944
    },
    "13": {
      "silhouette_overall": 0.3922435413162553,
      "silhouette_by_condition": {
        "sequence": 0.4563928676023292,
        "structure": 0.403244836036512,
        "ss8": 0.43884226407105215,
        "sasa": 0.3796414064480168,
        "function": 0.3260359936649289,
        "all": 0.34930388007469254
      },
      "conditions_present": [
        "sequence",
        "structure",
        "ss8",
        "sasa",
        "function",
        "all"
      ],
      "cka_matrix": [
        [
          1.0,
          0.42797964976393743,
          0.20080310641725171,
          0.5608266836991439,
          0.07030093634232505,
          0.6123641432118864
        ],
        [
          0.42797964976393743,
          1.0,
          0.678701616874048,
          0.7469282850505806,
          0.060123526881547124,
          0.9170598657832784
        ],
        [
          0.20080310641725171,
          0.678701616874048,
          1.0,
          0.47134043945898085,
          0.04298216908931164,
          0.5777133433977386
        ],
        [
          0.5608266836991439,
          0.7469282850505806,
          0.47134043945898085,
          1.0,
          0.06294082016593895,
          0.8082936626347047
        ],
        [
          0.07030093634232505,
          0.060123526881547124,
          0.04298216908931164,
          0.06294082016593895,
          1.0,
          0.07974070360805381
        ],
        [
          0.6123641432118864,
          0.9170598657832784,
          0.5777133433977386,
          0.8082936626347047,
          0.07974070360805381,
          1.0
        ]
      ],
      "cka_pairs": {
        "sequence|structure": 0.42797964976393743,
        "sequence|ss8": 0.20080310641725171,
        "sequence|sasa": 0.5608266836991439,
        "sequence|function": 0.07030093634232505,
        "sequence|all": 0.6123641432118864,
        "structure|ss8": 0.678701616874048,
        "structure|sasa": 0.7469282850505806,
        "structure|function": 0.060123526881547124,
        "structure|all": 0.9170598657832784,
        "ss8|sasa": 0.47134043945898085,
        "ss8|function": 0.04298216908931164,
        "ss8|all": 0.5777133433977386,
        "sasa|function": 0.06294082016593895,
        "sasa|all": 0.8082936626347047,
        "function|all": 0.07974070360805381
      },
      "mean_pairwise_cka": 0.42120659682524847,
      "alignment_to_all": 0.5990343437271324,
      "centroid_separation_eta_sq": 0.7402927305060816,
      "integration_index": 0.42120659682524847
    },
    "14": {
      "silhouette_overall": 0.39402233950233645,
      "silhouette_by_condition": {
        "sequence": 0.4608674918109469,
        "structure": 0.40855597682273154,
        "ss8": 0.43203122820020623,
        "sasa": 0.3686639919970384,
        "function": 0.3404912223503634,
        "all": 0.35352412583273224
      },
      "conditions_present": [
        "sequence",
        "structure",
        "ss8",
        "sasa",
        "function",
        "all"
      ],
      "cka_matrix": [
        [
          1.0,
          0.4282735681790831,
          0.19056707538877274,
          0.5597394087092203,
          0.07005232379973769,
          0.6171524247861013
        ],
        [
          0.4282735681790831,
          1.0,
          0.6762222330032815,
          0.7475460320545632,
          0.05789956508015159,
          0.9164742662166679
        ],
        [
          0.19056707538877274,
          0.6762222330032815,
          1.0,
          0.46320723109948186,
          0.04034172960972231,
          0.5665320574013476
        ],
        [
          0.5597394087092203,
          0.7475460320545632,
          0.46320723109948186,
          1.0,
          0.061837267696968914,
          0.8123313426313101
        ],
        [
          0.07005232379973769,
          0.05789956508015159,
          0.04034172960972231,
          0.061837267696968914,
          1.0,
          0.07619754265167458
        ],
        [
          0.6171524247861013,
          0.9164742662166679,
          0.5665320574013476,
          0.8123313426313101,
          0.07619754265167458,
          1.0
        ]
      ],
      "cka_pairs": {
        "sequence|structure": 0.4282735681790831,
        "sequence|ss8": 0.19056707538877274,
        "sequence|sasa": 0.5597394087092203,
        "sequence|function": 0.07005232379973769,
        "sequence|all": 0.6171524247861013,
        "structure|ss8": 0.6762222330032815,
        "structure|sasa": 0.7475460320545632,
        "structure|function": 0.05789956508015159,
        "structure|all": 0.9164742662166679,
        "ss8|sasa": 0.46320723109948186,
        "ss8|function": 0.04034172960972231,
        "ss8|all": 0.5665320574013476,
        "sasa|function": 0.061837267696968914,
        "sasa|all": 0.8123313426313101,
        "function|all": 0.07619754265167458
      },
      "mean_pairwise_cka": 0.418958271220539,
      "alignment_to_all": 0.5977375267374204,
      "centroid_separation_eta_sq": 0.7437129168640965,
      "integration_index": 0.418958271220539
    },
    "15": {
      "silhouette_overall": 0.3949490023082633,
      "silhouette_by_condition": {
        "sequence": 0.46130321602554647,
        "structure": 0.4141212634496379,
        "ss8": 0.42858309015492624,
        "sasa": 0.36463434444195064,
        "function": 0.3451534510351334,
        "all": 0.35589864874238497
      },
      "conditions_present": [
        "sequence",
        "structure",
        "ss8",
        "sasa",
        "function",
        "all"
      ],
      "cka_matrix": [
        [
          1.0,
          0.44092793450143886,
          0.18877283042406354,
          0.558821633704841,
          0.07199258601974567,
          0.6298079066371469
        ],
        [
          0.44092793450143886,
          1.0,
          0.6773525947972455,
          0.7497235452451337,
          0.05527691452651433,
          0.9169241859422256
        ],
