{
  "meta": {
    "n_proteins": 892,
    "conditions": [
      "sequence",
      "structure",
      "ss8",
      "sasa",
      "function",
      "all"
    ],
    "conditions_order": [
      "sequence",
      "structure",
      "ss8",
      "sasa",
      "function",
      "all"
    ],
    "layers": [
      0,
      1,
      2,
      3,
      4,
      5,
      6,
      7,
      8,
      9,
      10,
      11,
      12,
      13,
      14,
      15,
      16,
      17,
      18,
      19,
      20,
      21,
      22,
      23,
      24,
      25,
      26,
      27,
      28,
      29,
      30,
      31,
      32,
      33,
      34,
      35,
      36,
      37,
      38,
      39,
      40,
      41,
      42,
      43,
      44,
      45,
      46,
      47
    ],
    "d_model": 1536,
    "space": "full (1536-d mean-pooled residual stream)",
    "distance": "euclidean",
    "cka": "linear (Kornblith et al. 2019)",
    "integration_index": "mean linear CKA over all unordered condition pairs"
  },
  "per_layer": {
    "0": {
      "silhouette_overall": 0.3162366142621791,
      "silhouette_by_condition": {
        "sequence": 0.7818378398881418,
        "structure": 0.3993547374141191,
        "ss8": 0.454278259876567,
        "sasa": 0.5120713712198592,
        "function": -0.23177711691221567,
        "all": -0.0183454059133972
      },
      "conditions_present": [
        "sequence",
        "structure",
        "ss8",
        "sasa",
        "function",
        "all"
      ],
      "cka_matrix": [
        [
          1.0,
          0.20134897556762962,
          0.15208034948903149,
          0.18628749634809352,
          0.052216876075173196,
          0.21100433167830546
        ],
        [
          0.20134897556762962,
          1.0,
          0.6047694942971532,
          0.8317046523635582,
          0.05429541300272272,
          0.7052485661999766
        ],
        [
          0.15208034948903149,
          0.6047694942971532,
          1.0,
          0.4784005849408309,
          0.06209646702678832,
          0.5544904685384856
        ],
        [
          0.18628749634809352,
          0.8317046523635582,
          0.4784005849408309,
          1.0,
          0.04465474661946761,
          0.6782828059628012
        ],
        [
          0.052216876075173196,
          0.05429541300272272,
          0.06209646702678832,
          0.04465474661946761,
          1.0,
          0.4423357426066729
        ],
        [
          0.21100433167830546,
          0.7052485661999766,
          0.5544904685384856,
          0.6782828059628012,
          0.4423357426066729,
          1.0
        ]
      ],
      "cka_pairs": {
        "sequence|structure": 0.20134897556762962,
        "sequence|ss8": 0.15208034948903149,
        "sequence|sasa": 0.18628749634809352,
        "sequence|function": 0.052216876075173196,
        "sequence|all": 0.21100433167830546,
        "structure|ss8": 0.6047694942971532,
        "structure|sasa": 0.8317046523635582,
        "structure|function": 0.05429541300272272,
        "structure|all": 0.7052485661999766,
        "ss8|sasa": 0.4784005849408309,
        "ss8|function": 0.06209646702678832,
        "ss8|all": 0.5544904685384856,
        "sasa|function": 0.04465474661946761,
        "sasa|all": 0.6782828059628012,
        "function|all": 0.4423357426066729
      },
      "mean_pairwise_cka": 0.3506144647144461,
      "alignment_to_all": 0.5182723829972484,
      "centroid_separation_eta_sq": 0.4012931266918866,
      "integration_index": 0.3506144647144461
    },
    "1": {
      "silhouette_overall": 0.3287514774233217,
      "silhouette_by_condition": {
        "sequence": 0.774090808162304,
        "structure": 0.4245765518218197,
        "ss8": 0.4608426414617061,
        "sasa": 0.5211998798677414,
        "function": -0.2211752995948808,
        "all": 0.012974282821239585
      },
      "conditions_present": [
        "sequence",
        "structure",
        "ss8",
        "sasa",
        "function",
        "all"
      ],
      "cka_matrix": [
        [
          1.0,
          0.16096917801196733,
          0.05842676338749517,
          0.16910316730374259,
          0.03604160574939165,
          0.12206449679959189
        ],
        [
          0.16096917801196733,
          1.0,
          0.6197638243783163,
          0.8130088132556742,
          0.04325496483828528,
          0.6599118077513607
        ],
        [
          0.05842676338749517,
          0.6197638243783163,
          1.0,
          0.4667293902960927,
          0.05047189821755855,
          0.5327858548230059
        ],
        [
          0.16910316730374259,
          0.8130088132556742,
          0.4667293902960927,
          1.0,
          0.03658818359581791,
          0.6712505213268231
        ],
        [
          0.03604160574939165,
          0.04325496483828528,
          0.05047189821755855,
          0.03658818359581791,
          1.0,
          0.26409578680988655
        ],
        [
          0.12206449679959189,
          0.6599118077513607,
          0.5327858548230059,
          0.6712505213268231,
          0.26409578680988655,
          1.0
        ]
      ],
      "cka_pairs": {
        "sequence|structure": 0.16096917801196733,
        "sequence|ss8": 0.05842676338749517,
        "sequence|sasa": 0.16910316730374259,
        "sequence|function": 0.03604160574939165,
        "sequence|all": 0.12206449679959189,
        "structure|ss8": 0.6197638243783163,
        "structure|sasa": 0.8130088132556742,
        "structure|function": 0.04325496483828528,
        "structure|all": 0.6599118077513607,
        "ss8|sasa": 0.4667293902960927,
        "ss8|function": 0.05047189821755855,
        "ss8|all": 0.5327858548230059,
        "sasa|function": 0.03658818359581791,
        "sasa|all": 0.6712505213268231,
        "function|all": 0.26409578680988655
      },
      "mean_pairwise_cka": 0.3136310837696673,
      "alignment_to_all": 0.45002169350213367,
      "centroid_separation_eta_sq": 0.46625706007743833,
      "integration_index": 0.3136310837696673
    },
    "2": {
      "silhouette_overall": 0.3281162074945313,
      "silhouette_by_condition": {
        "sequence": 0.7750997308451195,
        "structure": 0.36764117699930265,
        "ss8": 0.4727586073225797,
        "sasa": 0.5093712326068944,
        "function": -0.19805219745199826,
        "all": 0.04187869464528992
      },
      "conditions_present": [
        "sequence",
        "structure",
        "ss8",
        "sasa",
        "function",
        "all"
      ],
      "cka_matrix": [
        [
          1.0,
          0.16666839734762687,
          0.05172452214188763,
          0.18408527756526166,
          0.029298331067482197,
          0.12089633966715614
        ],
        [
          0.16666839734762687,
          1.0,
          0.6199525703699843,
          0.8341438974802934,
          0.031784311381138505,
          0.6959037151879014
        ],
        [
          0.05172452214188763,
          0.6199525703699843,
          1.0,
          0.4612963449289658,
          0.038907314378336194,
          0.5555785440957705
        ],
        [
          0.18408527756526166,
          0.8341438974802934,
          0.4612963449289658,
          1.0,
          0.02723057325403335,
          0.7160721832689713
        ],
        [
          0.029298331067482197,
          0.031784311381138505,
          0.038907314378336194,
          0.02723057325403335,
          1.0,
          0.1699111966585291
        ],
        [
          0.12089633966715614,
          0.6959037151879014,
          0.5555785440957705,
          0.7160721832689713,
          0.1699111966585291,
          1.0
        ]
      ],
      "cka_pairs": {
        "sequence|structure": 0.16666839734762687,
        "sequence|ss8": 0.05172452214188763,
        "sequence|sasa": 0.18408527756526166,
        "sequence|function": 0.029298331067482197,
        "sequence|all": 0.12089633966715614,
        "structure|ss8": 0.6199525703699843,
        "structure|sasa": 0.8341438974802934,
        "structure|function": 0.031784311381138505,
        "structure|all": 0.6959037151879014,
        "ss8|sasa": 0.4612963449289658,
        "ss8|function": 0.038907314378336194,
        "ss8|all": 0.5555785440957705,
        "sasa|function": 0.02723057325403335,
        "sasa|all": 0.7160721832689713,
        "function|all": 0.1699111966585291
      },
      "mean_pairwise_cka": 0.3135635679195559,
      "alignment_to_all": 0.4516723957756656,
      "centroid_separation_eta_sq": 0.5325340557945579,
      "integration_index": 0.3135635679195559
    },
    "3": {
      "silhouette_overall": 0.33033246133340005,
      "silhouette_by_condition": {
        "sequence": 0.7386898559124148,
        "structure": 0.35510255094617726,
        "ss8": 0.4716726178225659,
        "sasa": 0.5074681369375325,
        "function": -0.16242395623417982,
        "all": 0.07148556261588986
      },
      "conditions_present": [
        "sequence",
        "structure",
        "ss8",
        "sasa",
        "function",
        "all"
      ],
      "cka_matrix": [
        [
          1.0,
          0.17681970446173148,
          0.04936270822832149,
          0.17920533793299165,
          0.02398744970525921,
          0.13741126534700784
        ],
        [
          0.17681970446173148,
          1.0,
          0.6511353869689793,
          0.8478428521216166,
          0.025707123973936517,
          0.7691258961697325
        ],
        [
          0.04936270822832149,
          0.6511353869689793,
          1.0,
          0.4713359113484237,
          0.029960227551788683,
          0.590209196382829
        ],
        [
          0.17920533793299165,
          0.8478428521216166,
          0.4713359113484237,
          1.0,
          0.020649012070046477,
          0.7672974664593625
        ],
        [
          0.02398744970525921,
          0.025707123973936517,
          0.029960227551788683,
          0.020649012070046477,
          1.0,
          0.11919866555429323
        ],
        [
          0.13741126534700784,
          0.7691258961697325,
          0.590209196382829,
          0.7672974664593625,
          0.11919866555429323,
          1.0
        ]
      ],
      "cka_pairs": {
        "sequence|structure": 0.17681970446173148,
        "sequence|ss8": 0.04936270822832149,
        "sequence|sasa": 0.17920533793299165,
        "sequence|function": 0.02398744970525921,
        "sequence|all": 0.13741126534700784,
        "structure|ss8": 0.6511353869689793,
        "structure|sasa": 0.8478428521216166,
        "structure|function": 0.025707123973936517,
        "structure|all": 0.7691258961697325,
        "ss8|sasa": 0.4713359113484237,
        "ss8|function": 0.029960227551788683,
        "ss8|all": 0.590209196382829,
        "sasa|function": 0.020649012070046477,
        "sasa|all": 0.7672974664593625,
        "function|all": 0.11919866555429323
      },
      "mean_pairwise_cka": 0.32394988028508803,
      "alignment_to_all": 0.476648497982645,
      "centroid_separation_eta_sq": 0.5851776729387554,
      "integration_index": 0.32394988028508803
    },
    "4": {
      "silhouette_overall": 0.34328216047918825,
      "silhouette_by_condition": {
        "sequence": 0.679541953905603,
        "structure": 0.3422658514278997,
        "ss8": 0.4988542988181805,
        "sasa": 0.5112344550417471,
        "function": -0.09398776367152094,
        "all": 0.12178416735322005
      },
      "conditions_present": [
        "sequence",
        "structure",
        "ss8",
        "sasa",
        "function",
        "all"
      ],
      "cka_matrix": [
        [
          1.0,
          0.1689703368819186,
          0.0524055386851817,
          0.13512853458342858,
          0.022928782723131824,
          0.15559053454356336
        ],
        [
          0.1689703368819186,
          1.0,
          0.6715605421364811,
          0.8270021766345611,
          0.022628240411963686,
          0.8348818301995586
        ],
        [
          0.0524055386851817,
          0.6715605421364811,
          1.0,
          0.5061365236158673,
          0.02557471089331297,
          0.6307391176034581
        ],
        [
          0.13512853458342858,
          0.8270021766345611,
          0.5061365236158673,
          1.0,
          0.01752644791269681,
          0.8196470580357312
        ],
        [
          0.022928782723131824,
          0.022628240411963686,
          0.02557471089331297,
          0.01752644791269681,
          1.0,
          0.08946835789114749
        ],
        [
          0.15559053454356336,
          0.8348818301995586,
          0.6307391176034581,
          0.8196470580357312,
          0.08946835789114749,
          1.0
        ]
      ],
      "cka_pairs": {
        "sequence|structure": 0.1689703368819186,
        "sequence|ss8": 0.0524055386851817,
        "sequence|sasa": 0.13512853458342858,
        "sequence|function": 0.022928782723131824,
        "sequence|all": 0.15559053454356336,
        "structure|ss8": 0.6715605421364811,
        "structure|sasa": 0.8270021766345611,
        "structure|function": 0.022628240411963686,
        "structure|all": 0.8348818301995586,
        "ss8|sasa": 0.5061365236158673,
        "ss8|function": 0.02557471089331297,
        "ss8|all": 0.6307391176034581,
        "sasa|function": 0.01752644791269681,
        "sasa|all": 0.8196470580357312,
        "function|all": 0.08946835789114749
      },
      "mean_pairwise_cka": 0.33201258218346674,
      "alignment_to_all": 0.5060653796546918,
      "centroid_separation_eta_sq": 0.6271598658459238,
      "integration_index": 0.33201258218346674
    },
    "5": {
      "silhouette_overall": 0.3645670985735284,
      "silhouette_by_condition": {
        "sequence": 0.6348215575482665,
        "structure": 0.40759688802785143,
        "ss8": 0.49477069539613056,
        "sasa": 0.47107373492706883,
        "function": -0.013194941538944972,
        "all": 0.19233465708079828
      },
      "conditions_present": [
        "sequence",
        "structure",
        "ss8",
        "sasa",
        "function",
        "all"
      ],
      "cka_matrix": [
        [
          1.0,
          0.16361298273949948,
          0.06656407632850773,
          0.12840443772328783,
          0.0316291846297221,
          0.1796052437027202
        ],
        [
          0.16361298273949948,
          1.0,
          0.6978503423221103,
          0.8648682055435762,
          0.025816570891142435,
          0.8880792217969484
        ],
        [
          0.06656407632850773,
          0.6978503423221103,
          1.0,
          0.5586157603547346,
          0.02577838656490387,
          0.6820163108655735
        ],
        [
          0.12840443772328783,
          0.8648682055435762,
          0.5586157603547346,
          1.0,
          0.01921614315674567,
          0.8644102527841925
        ],
        [
          0.0316291846297221,
          0.025816570891142435,
          0.02577838656490387,
          0.01921614315674567,
          1.0,
          0.06844986905987015
        ],
        [
          0.1796052437027202,
          0.8880792217969484,
          0.6820163108655735,
          0.8644102527841925,
          0.06844986905987015,
          1.0
        ]
      ],
      "cka_pairs": {
        "sequence|structure": 0.16361298273949948,
        "sequence|ss8": 0.06656407632850773,
        "sequence|sasa": 0.12840443772328783,
        "sequence|function": 0.0316291846297221,
        "sequence|all": 0.1796052437027202,
        "structure|ss8": 0.6978503423221103,
        "structure|sasa": 0.8648682055435762,
        "structure|function": 0.025816570891142435,
        "structure|all": 0.8880792217969484,
        "ss8|sasa": 0.5586157603547346,
        "ss8|function": 0.02577838656490387,
        "ss8|all": 0.6820163108655735,
        "sasa|function": 0.01921614315674567,
        "sasa|all": 0.8644102527841925,
        "function|all": 0.06844986905987015
      },
      "mean_pairwise_cka": 0.35099446589756894,
      "alignment_to_all": 0.5365121796418609,
      "centroid_separation_eta_sq": 0.668119786113712,
      "integration_index": 0.35099446589756894
    },
    "6": {
      "silhouette_overall": 0.37417352284224237,
      "silhouette_by_condition": {
        "sequence": 0.5876040526341023,
        "structure": 0.3948283501452201,
        "ss8": 0.4981010906816627,
        "sasa": 0.43740546167044725,
        "function": 0.06677341935956939,
        "all": 0.26032876256245235
      },
      "conditions_present": [
        "sequence",
        "structure",
        "ss8",
        "sasa",
        "function",
        "all"
      ],
      "cka_matrix": [
        [
          1.0,
          0.18043192797984797,
          0.06649182323677216,
          0.14807845994917562,
          0.048408481301602156,
          0.21265556388574047
        ],
        [
          0.18043192797984797,
          1.0,
          0.726344171809908,
          0.8631950977506376,
          0.029457391378174318,
          0.9060313172408954
        ],
        [
          0.06649182323677216,
          0.726344171809908,
          1.0,
          0.6211905873638236,
          0.025154733267620955,
          0.7248770632265162
        ],
        [
          0.14807845994917562,
          0.8631950977506376,
          0.6211905873638236,
          1.0,
          0.02154664613672775,
          0.8730447493992266
        ],
        [
          0.048408481301602156,
          0.029457391378174318,
          0.025154733267620955,
          0.02154664613672775,
          1.0,
          0.0607336032719603
        ],
        [
          0.21265556388574047,
          0.9060313172408954,
          0.7248770632265162,
          0.8730447493992266,
          0.0607336032719603,
          1.0
        ]
      ],
      "cka_pairs": {
        "sequence|structure": 0.18043192797984797,
        "sequence|ss8": 0.06649182323677216,
        "sequence|sasa": 0.14807845994917562,
        "sequence|function": 0.048408481301602156,
        "sequence|all": 0.21265556388574047,
        "structure|ss8": 0.726344171809908,
        "structure|sasa": 0.8631950977506376,
        "structure|function": 0.029457391378174318,
        "structure|all": 0.9060313172408954,
        "ss8|sasa": 0.6211905873638236,
        "ss8|function": 0.025154733267620955,
        "ss8|all": 0.7248770632265162,
        "sasa|function": 0.02154664613672775,
        "sasa|all": 0.8730447493992266,
        "function|all": 0.0607336032719603
      },
      "mean_pairwise_cka": 0.36717610781324195,
      "alignment_to_all": 0.5554684594048679,
      "centroid_separation_eta_sq": 0.698594265163005,
      "integration_index": 0.36717610781324195
    },
    "7": {
      "silhouette_overall": 0.367586948208881,
      "silhouette_by_condition": {
        "sequence": 0.5345566398874594,
        "structure": 0.3821784774312707,
        "ss8": 0.4831874312055266,
        "sasa": 0.40909411559330083,
        "function": 0.11592956900410586,
        "all": 0.2805754561316227
      },
      "conditions_present": [
        "sequence",
        "structure",
        "ss8",
        "sasa",
        "function",
        "all"
      ],
      "cka_matrix": [
        [
          1.0,
          0.17371397136183203,
          0.0827286973294317,
          0.15273074159474206,
          0.05012354902455485,
          0.2321202465740719
        ],
        [
          0.17371397136183203,
          1.0,
          0.7464132157192741,
          0.8728217622313128,
          0.028338793065913515,
          0.9291418312534366
        ],
        [
          0.0827286973294317,
          0.7464132157192741,
          1.0,
          0.646253931277987,
          0.024557979011109093,
          0.7460270502891005
        ],
        [
          0.15273074159474206,
          0.8728217622313128,
          0.646253931277987,
          1.0,
          0.0206291123716499,
          0.8862819995967077
        ],
        [
          0.05012354902455485,
          0.028338793065913515,
          0.024557979011109093,
          0.0206291123716499,
          1.0,
          0.055096897328012644
        ],
        [
          0.2321202465740719,
          0.9291418312534366,
          0.7460270502891005,
          0.8862819995967077,
          0.055096897328012644,
          1.0
        ]
      ],
      "cka_pairs": {
        "sequence|structure": 0.17371397136183203,
        "sequence|ss8": 0.0827286973294317,
        "sequence|sasa": 0.15273074159474206,
        "sequence|function": 0.05012354902455485,
        "sequence|all": 0.2321202465740719,
        "structure|ss8": 0.7464132157192741,
        "structure|sasa": 0.8728217622313128,
        "structure|function": 0.028338793065913515,
        "structure|all": 0.9291418312534366,
        "ss8|sasa": 0.646253931277987,
        "ss8|function": 0.024557979011109093,
        "ss8|all": 0.7460270502891005,
        "sasa|function": 0.0206291123716499,
        "sasa|all": 0.8862819995967077,
        "function|all": 0.055096897328012644
      },
      "mean_pairwise_cka": 0.3764653185352758,
      "alignment_to_all": 0.5697336050082658,
      "centroid_separation_eta_sq": 0.6977222416633411,
      "integration_index": 0.3764653185352758
    },
    "8": {
      "silhouette_overall": 0.37323950985680354,
      "silhouette_by_condition": {
        "sequence": 0.49401822830386644,
        "structure": 0.42074315933490886,
        "ss8": 0.48038332576182013,
        "sasa": 0.392753098813617,
        "function": 0.15926852571286979,
        "all": 0.29227072121373954
      },
      "conditions_present": [
        "sequence",
        "structure",
        "ss8",
        "sasa",
        "function",
        "all"
      ],
      "cka_matrix": [
        [
          1.0,
          0.20173121466711905,
          0.09819565240682851,
          0.18165805277708574,
          0.05495855900317793,
          0.2671432502038918
        ],
        [
          0.20173121466711905,
          1.0,
          0.7345057332681157,
          0.8718666797709336,
          0.028952336677368073,
          0.9379913684313687
        ],
        [
          0.09819565240682851,
          0.7345057332681157,
          1.0,
          0.6347376636527772,
          0.023411133686296555,
          0.7314288512511369
        ],
        [
          0.18165805277708574,
          0.8718666797709336,
          0.6347376636527772,
          1.0,
          0.020061541232165584,
          0.8912669604765128
        ],
        [
          0.05495855900317793,
          0.028952336677368073,
          0.023411133686296555,
          0.020061541232165584,
          1.0,
          0.05106549409180884
        ],
        [
          0.2671432502038918,
          0.9379913684313687,
          0.7314288512511369,
          0.8912669604765128,
          0.05106549409180884,
          1.0
        ]
      ],
      "cka_pairs": {
        "sequence|structure": 0.20173121466711905,
        "sequence|ss8": 0.09819565240682851,
        "sequence|sasa": 0.18165805277708574,
        "sequence|function": 0.05495855900317793,
        "sequence|all": 0.2671432502038918,
        "structure|ss8": 0.7345057332681157,
        "structure|sasa": 0.8718666797709336,
        "structure|function": 0.028952336677368073,
        "structure|all": 0.9379913684313687,
        "ss8|sasa": 0.6347376636527772,
        "ss8|function": 0.023411133686296555,
        "ss8|all": 0.7314288512511369,
        "sasa|function": 0.020061541232165584,
        "sasa|all": 0.8912669604765128,
        "function|all": 0.05106549409180884
      },
      "mean_pairwise_cka": 0.3819316327731058,
      "alignment_to_all": 0.5757791848909438,
      "centroid_separation_eta_sq": 0.7228493026114291,
      "integration_index": 0.3819316327731058
    },
    "9": {
      "silhouette_overall": 0.37102772704024717,
      "silhouette_by_condition": {
        "sequence": 0.4698269224684324,
        "structure": 0.4169263416525762,
        "ss8": 0.47375204027164053,
        "sasa": 0.3766427678609376,
        "function": 0.1917499825967937,
        "all": 0.29726830739110255
      },
      "conditions_present": [
        "sequence",
        "structure",
        "ss8",
        "sasa",
        "function",
        "all"
      ],
      "cka_matrix": [
        [
          1.0,
          0.210846460872908,
          0.11246756456594345,
          0.20353503791123678,
          0.049994742764382684,
          0.283589445596693
        ],
        [
          0.210846460872908,
          1.0,
          0.7295941338151685,
          0.8792722109812108,
          0.02767505515585676,
          0.9438177133439128
        ],
        [
          0.11246756456594345,
          0.7295941338151685,
          1.0,
          0.629296829763596,
          0.023606288827240224,
          0.727147245688428
        ],
        [
          0.20353503791123678,
          0.8792722109812108,
          0.629296829763596,
          1.0,
          0.020358064934659127,
          0.8939632244019788
        ],
        [
          0.049994742764382684,
          0.02767505515585676,
          0.023606288827240224,
          0.020358064934659127,
          1.0,
          0.046659797291046204
        ],
        [
          0.283589445596693,
          0.9438177133439128,
          0.727147245688428,
          0.8939632244019788,
          0.046659797291046204,
          1.0
        ]
      ],
      "cka_pairs": {
        "sequence|structure": 0.210846460872908,
        "sequence|ss8": 0.11246756456594345,
        "sequence|sasa": 0.20353503791123678,
        "sequence|function": 0.049994742764382684,
        "sequence|all": 0.283589445596693,
        "structure|ss8": 0.7295941338151685,
        "structure|sasa": 0.8792722109812108,
        "structure|function": 0.02767505515585676,
        "structure|all": 0.9438177133439128,
        "ss8|sasa": 0.629296829763596,
        "ss8|function": 0.023606288827240224,
        "ss8|all": 0.727147245688428,
        "sasa|function": 0.020358064934659127,
        "sasa|all": 0.8939632244019788,
        "function|all": 0.046659797291046204
      },
      "mean_pairwise_cka": 0.38545492106095086,
      "alignment_to_all": 0.5790354852644117,
      "centroid_separation_eta_sq": 0.7230078442709348,
      "integration_index": 0.38545492106095086
    },
    "10": {
      "silhouette_overall": 0.3787815118967834,
      "silhouette_by_condition": {
        "sequence": 0.44987926809589845,
        "structure": 0.4249884012386779,
        "ss8": 0.47934892177227906,
        "sasa": 0.3711386903457858,
        "function": 0.22032723497683987,
        "all": 0.3270065549512193
      },
      "conditions_present": [
        "sequence",
        "structure",
        "ss8",
        "sasa",
        "function",
        "all"
      ],
      "cka_matrix": [
        [
          1.0,
          0.2170650409137379,
          0.12636930164799723,
          0.20984873223956566,
          0.049462154123137474,
          0.31159894596270976
        ],
        [
          0.2170650409137379,
          1.0,
          0.7413353971885849,
          0.8764350464813878,
          0.028694003613914772,
          0.9489122390526346
        ],
        [
          0.12636930164799723,
          0.7413353971885849,
          1.0,
          0.6165949447159002,
          0.024653963028281906,
          0.7157139229629788
        ],
        [
          0.20984873223956566,
          0.8764350464813878,
          0.6165949447159002,
          1.0,
          0.02015422489614414,
          0.8956991583590328
        ],
        [
          0.049462154123137474,
          0.028694003613914772,
          0.024653963028281906,
          0.02015422489614414,
          1.0,
          0.04560400641761936
        ],
        [
          0.31159894596270976,
          0.9489122390526346,
          0.7157139229629788,
          0.8956991583590328,
          0.04560400641761936,
          1.0
        ]
      ],
      "cka_pairs": {
        "sequence|structure": 0.2170650409137379,
        "sequence|ss8": 0.12636930164799723,
        "sequence|sasa": 0.20984873223956566,
        "sequence|function": 0.049462154123137474,
        "sequence|all": 0.31159894596270976,
        "structure|ss8": 0.7413353971885849,
        "structure|sasa": 0.8764350464813878,
        "structure|function": 0.028694003613914772,
        "structure|all": 0.9489122390526346,
        "ss8|sasa": 0.6165949447159002,
        "ss8|function": 0.024653963028281906,
        "ss8|all": 0.7157139229629788,
        "sasa|function": 0.02015422489614414,
        "sasa|all": 0.8956991583590328,
        "function|all": 0.04560400641761936
      },
      "mean_pairwise_cka": 0.38854273877357515,
      "alignment_to_all": 0.583505654550995,
      "centroid_separation_eta_sq": 0.7325039174570234,
      "integration_index": 0.38854273877357515
    },
    "11": {
      "silhouette_overall": 0.3902416211499946,
      "silhouette_by_condition": {
        "sequence": 0.4708161449467714,
        "structure": 0.41888095563351285,
        "ss8": 0.47016557506344897,
        "sasa": 0.36133254201771825,
        "function": 0.27317997526635346,
        "all": 0.3470745339721626
      },
      "conditions_present": [
        "sequence",
        "structure",
        "ss8",
        "sasa",
        "function",
        "all"
      ],
      "cka_matrix": [
        [
          1.0,
          0.2320425767977485,
          0.14227088656414352,
          0.2192008969017391,
          0.04826264244749094,
          0.3376351005317241
        ],
        [
          0.2320425767977485,
          1.0,
          0.7524809611216245,
          0.8755765841488926,
          0.028239588013693296,
          0.9522571248623967
        ],
        [
          0.14227088656414352,
          0.7524809611216245,
          1.0,
          0.6049192044067117,
          0.02482817024742073,
          0.7041136059116103
        ],
        [
          0.2192008969017391,
          0.8755765841488926,
          0.6049192044067117,
          1.0,
          0.019490415996448476,
          0.8944304891578321
        ],
        [
          0.04826264244749094,
          0.028239588013693296,
          0.02482817024742073,
          0.019490415996448476,
          1.0,
          0.042945628166656744
        ],
        [
          0.3376351005317241,
          0.9522571248623967,
          0.7041136059116103,
          0.8944304891578321,
          0.042945628166656744,
          1.0
        ]
      ],
      "cka_pairs": {
        "sequence|structure": 0.2320425767977485,
        "sequence|ss8": 0.14227088656414352,
        "sequence|sasa": 0.2192008969017391,
        "sequence|function": 0.04826264244749094,
        "sequence|all": 0.3376351005317241,
        "structure|ss8": 0.7524809611216245,
        "structure|sasa": 0.8755765841488926,
        "structure|function": 0.028239588013693296,
        "structure|all": 0.9522571248623967,
        "ss8|sasa": 0.6049192044067117,
        "ss8|function": 0.02482817024742073,
        "ss8|all": 0.7041136059116103,
        "sasa|function": 0.019490415996448476,
        "sasa|all": 0.8944304891578321,
        "function|all": 0.042945628166656744
      },
      "mean_pairwise_cka": 0.3919129250184089,
      "alignment_to_all": 0.5862763897260439,
      "centroid_separation_eta_sq": 0.7372598158223407,
      "integration_index": 0.3919129250184089
    },
    "12": {
      "silhouette_overall": 0.3929439452821932,
      "silhouette_by_condition": {
        "sequence": 0.47714759051513056,
        "structure": 0.4099083176200913,
        "ss8": 0.4574045614428169,
        "sasa": 0.350761159110009,
        "function": 0.30446399452342643,
        "all": 0.35797804848168496
      },
      "conditions_present": [
        "sequence",
        "structure",
        "ss8",
        "sasa",
        "function",
        "all"
      ],
      "cka_matrix": [
        [
          1.0,
          0.2595109715056151,
          0.1722637808849149,
          0.21990475864426076,
          0.04749570389097665,
          0.3685251140917383
        ],
        [
          0.2595109715056151,
          1.0,
          0.7615648416100412,
          0.8778351002499342,
          0.028288219520203165,
          0.9571915893334881
        ],
        [
          0.1722637808849149,
          0.7615648416100412,
          1.0,
          0.616735546540358,
          0.024753749212843214,
          0.7057576944506542
        ],
        [
          0.21990475864426076,
          0.8778351002499342,
          0.616735546540358,
          1.0,
          0.018621457190604773,
          0.8905754296283471
        ],
        [
          0.04749570389097665,
          0.028288219520203165,
          0.024753749212843214,
          0.018621457190604773,
          1.0,
          0.041065656762974134
        ],
        [
          0.3685251140917383,
          0.9571915893334881,
          0.7057576944506542,
          0.8905754296283471,
          0.041065656762974134,
          1.0
        ]
      ],
      "cka_pairs": {
        "sequence|structure": 0.2595109715056151,
        "sequence|ss8": 0.1722637808849149,
        "sequence|sasa": 0.21990475864426076,
        "sequence|function": 0.04749570389097665,
        "sequence|all": 0.3685251140917383,
        "structure|ss8": 0.7615648416100412,
        "structure|sasa": 0.8778351002499342,
        "structure|function": 0.028288219520203165,
        "structure|all": 0.9571915893334881,
        "ss8|sasa": 0.616735546540358,
        "ss8|function": 0.024753749212843214,
        "ss8|all": 0.7057576944506542,
        "sasa|function": 0.018621457190604773,
        "sasa|all": 0.8905754296283471,
        "function|all": 0.041065656762974134
      },
      "mean_pairwise_cka": 0.399339307567797,
      "alignment_to_all": 0.5926230968534403,
      "centroid_separation_eta_sq": 0.7388179351166628,
      "integration_index": 0.399339307567797
    },
    "13": {
      "silhouette_overall": 0.39317945070142707,
      "silhouette_by_condition": {
        "sequence": 0.469466056774655,
        "structure": 0.40850838902074804,
        "ss8": 0.45966107702279374,
        "sasa": 0.33983767682476596,
        "function": 0.3205557310629393,
        "all": 0.3610477735026602
      },
      "conditions_present": [
        "sequence",
        "structure",
        "ss8",
        "sasa",
        "function",
        "all"
      ],
      "cka_matrix": [
        [
          1.0,
          0.24799620910905107,
          0.1833702993049185,
          0.22357016657244536,
          0.04826959416583377,
          0.3603598075753733
        ],
        [
          0.24799620910905107,
          1.0,
          0.7628263091459019,
          0.8766022147656848,
          0.027392071368227622,
          0.9588594963627305
        ],
        [
          0.1833702993049185,
          0.7628263091459019,
          1.0,
          0.6151530575304163,
          0.024246183541155555,
          0.7076024196702737
        ],
        [
          0.22357016657244536,
          0.8766022147656848,
          0.6151530575304163,
          1.0,
          0.018661464215517166,
          0.8890715667650033
        ],
        [
          0.04826959416583377,
          0.027392071368227622,
          0.024246183541155555,
          0.018661464215517166,
          1.0,
          0.03890785423320822
        ],
        [
          0.3603598075753733,
          0.9588594963627305,
          0.7076024196702737,
          0.8890715667650033,
          0.03890785423320822,
          1.0
        ]
      ],
      "cka_pairs": {
        "sequence|structure": 0.24799620910905107,
        "sequence|ss8": 0.1833702993049185,
        "sequence|sasa": 0.22357016657244536,
        "sequence|function": 0.04826959416583377,
        "sequence|all": 0.3603598075753733,
        "structure|ss8": 0.7628263091459019,
        "structure|sasa": 0.8766022147656848,
        "structure|function": 0.027392071368227622,
        "structure|all": 0.9588594963627305,
        "ss8|sasa": 0.6151530575304163,
        "ss8|function": 0.024246183541155555,
        "ss8|all": 0.7076024196702737,
        "sasa|function": 0.018661464215517166,
        "sasa|all": 0.8890715667650033,
        "function|all": 0.03890785423320822
      },
      "mean_pairwise_cka": 0.3988592476217161,
      "alignment_to_all": 0.5909602289213178,
      "centroid_separation_eta_sq": 0.7404166804050606,
      "integration_index": 0.3988592476217161
    },
    "14": {
      "silhouette_overall": 0.3947425386846767,
      "silhouette_by_condition": {
        "sequence": 0.47263734572718813,
        "structure": 0.41387755016409233,
        "ss8": 0.45325227688134884,
        "sasa": 0.32694826012107103,
        "function": 0.3365862658510565,
        "all": 0.3651535333633028
      },
      "conditions_present": [
        "sequence",
        "structure",
        "ss8",
        "sasa",
        "function",
        "all"
      ],
      "cka_matrix": [
        [
          1.0,
          0.2414837064082422,
          0.18697904809049914,
          0.22094380307227446,
          0.04859035247124921,
          0.3633291496939798
        ],
        [
          0.2414837064082422,
          1.0,
          0.7572098796273942,
          0.8751571388962323,
          0.025756936204232587,
          0.9579301542596038
        ],
        [
          0.18697904809049914,
          0.7572098796273942,
          1.0,
          0.6071163194104773,
          0.02336491497715811,
          0.6968056338920839
        ],
        [
          0.22094380307227446,
          0.8751571388962323,
          0.6071163194104773,
          1.0,
          0.01793602018643473,
          0.8867825044342197
        ],
        [
          0.04859035247124921,
          0.025756936204232587,
          0.02336491497715811,
          0.01793602018643473,
          1.0,
          0.03727479382612077
        ],
        [
          0.3633291496939798,
          0.9579301542596038,
          0.6968056338920839,
          0.8867825044342197,
          0.03727479382612077,
          1.0
        ]
      ],
      "cka_pairs": {
        "sequence|structure": 0.2414837064082422,
        "sequence|ss8": 0.18697904809049914,
        "sequence|sasa": 0.22094380307227446,
        "sequence|function": 0.04859035247124921,
        "sequence|all": 0.3633291496939798,
        "structure|ss8": 0.7572098796273942,
        "structure|sasa": 0.8751571388962323,
        "structure|function": 0.025756936204232587,
        "structure|all": 0.9579301542596038,
        "ss8|sasa": 0.6071163194104773,
        "ss8|function": 0.02336491497715811,
        "ss8|all": 0.6968056338920839,
        "sasa|function": 0.01793602018643473,
        "sasa|all": 0.8867825044342197,
        "function|all": 0.03727479382612077
      },
      "mean_pairwise_cka": 0.39644402369668014,
      "alignment_to_all": 0.5884244472212017,
      "centroid_separation_eta_sq": 0.7431581389675223,
      "integration_index": 0.39644402369668014
    },
    "15": {
      "silhouette_overall": 0.3967621807991691,
      "silhouette_by_condition": {
        "sequence": 0.4804026677606969,
        "structure": 0.41850778708400643,
        "ss8": 0.4504890339029242,
        "sasa": 0.3237565320493044,
        "function": 0.33937182845702923,
        "all": 0.36804523554105323
      },
      "conditions_present": [
        "sequence",
        "structure",
        "ss8",
        "sasa",
        "function",
        "all"
      ],
      "cka_matrix": [
        [
          1.0,
          0.23883812014599926,
          0.18908489817068458,
          0.22300031131150128,
          0.04803817293196112,
          0.36885168057757717
        ],
        [
          0.23883812014599926,
          1.0,
