{
  "meta": {
    "n_proteins": 5555,
    "conditions": [
      "sequence",
      "structure",
      "ss8",
      "sasa",
      "function",
      "all"
    ],
    "conditions_order": [
      "sequence",
      "structure",
      "ss8",
      "sasa",
      "function",
      "all"
    ],
    "layers": [
      0,
      1,
      2,
      3,
      4,
      5,
      6,
      7,
      8,
      9,
      10,
      11,
      12,
      13,
      14,
      15,
      16,
      17,
      18,
      19,
      20,
      21,
      22,
      23,
      24,
      25,
      26,
      27,
      28,
      29,
      30,
      31,
      32,
      33,
      34,
      35,
      36,
      37,
      38,
      39,
      40,
      41,
      42,
      43,
      44,
      45,
      46,
      47
    ],
    "d_model": 1536,
    "space": "full (1536-d mean-pooled residual stream)",
    "distance": "euclidean",
    "cka": "linear (Kornblith et al. 2019)",
    "integration_index": "mean linear CKA over all unordered condition pairs"
  },
  "per_layer": {
    "0": {
      "silhouette_overall": 0.31867758536578145,
      "silhouette_by_condition": {
        "sequence": 0.7928068638409449,
        "structure": 0.40216086373539933,
        "ss8": 0.4573138365025735,
        "sasa": 0.5126549389067605,
        "function": -0.23579270098602936,
        "all": -0.017078289804960137
      },
      "conditions_present": [
        "sequence",
        "structure",
        "ss8",
        "sasa",
        "function",
        "all"
      ],
      "cka_matrix": [
        [
          1.0,
          0.1937442351396303,
          0.216603089789694,
          0.1787810902719592,
          0.025880745560804073,
          0.20058279982275998
        ],
        [
          0.1937442351396303,
          1.0,
          0.6660180240235468,
          0.8698867137933473,
          0.032529479091913,
          0.7400739285818626
        ],
        [
          0.216603089789694,
          0.6660180240235468,
          1.0,
          0.5777130340687893,
          0.03006132614676705,
          0.6027357962536514
        ],
        [
          0.1787810902719592,
          0.8698867137933473,
          0.5777130340687893,
          1.0,
          0.029059515805020118,
          0.7212530205983528
        ],
        [
          0.025880745560804073,
          0.032529479091913,
          0.03006132614676705,
          0.029059515805020118,
          1.0,
          0.3592995422987221
        ],
        [
          0.20058279982275998,
          0.7400739285818626,
          0.6027357962536514,
          0.7212530205983528,
          0.3592995422987221,
          1.0
        ]
      ],
      "cka_pairs": {
        "sequence|structure": 0.1937442351396303,
        "sequence|ss8": 0.216603089789694,
        "sequence|sasa": 0.1787810902719592,
        "sequence|function": 0.025880745560804073,
        "sequence|all": 0.20058279982275998,
        "structure|ss8": 0.6660180240235468,
        "structure|sasa": 0.8698867137933473,
        "structure|function": 0.032529479091913,
        "structure|all": 0.7400739285818626,
        "ss8|sasa": 0.5777130340687893,
        "ss8|function": 0.03006132614676705,
        "ss8|all": 0.6027357962536514,
        "sasa|function": 0.029059515805020118,
        "sasa|all": 0.7212530205983528,
        "function|all": 0.3592995422987221
      },
      "mean_pairwise_cka": 0.3629481560831214,
      "alignment_to_all": 0.5247890175110698,
      "centroid_separation_eta_sq": 0.3916273999927957,
      "integration_index": 0.3629481560831214
    },
    "1": {
      "silhouette_overall": 0.32968073934060876,
      "silhouette_by_condition": {
        "sequence": 0.7817524215305307,
        "structure": 0.4288201966972798,
        "ss8": 0.46435984033053096,
        "sasa": 0.5187304116265247,
        "function": -0.22580294000237994,
        "all": 0.010224505861165979
      },
      "conditions_present": [
        "sequence",
        "structure",
        "ss8",
        "sasa",
        "function",
        "all"
      ],
      "cka_matrix": [
        [
          1.0,
          0.13851141514715953,
          0.08865848237368378,
          0.14848057962930133,
          0.01698876690562192,
          0.10885953076700094
        ],
        [
          0.13851141514715953,
          1.0,
          0.6753062572323479,
          0.8572635553399106,
          0.025376749694357083,
          0.7091827408832981
        ],
        [
          0.08865848237368378,
          0.6753062572323479,
          1.0,
          0.5666879809897872,
          0.024267773389711894,
          0.5784268847974443
        ],
        [
          0.14848057962930133,
          0.8572635553399106,
          0.5666879809897872,
          1.0,
          0.02304154504134432,
          0.7155562430746196
        ],
        [
          0.01698876690562192,
          0.025376749694357083,
          0.024267773389711894,
          0.02304154504134432,
          1.0,
          0.18940624017068544
        ],
        [
          0.10885953076700094,
          0.7091827408832981,
          0.5784268847974443,
          0.7155562430746196,
          0.18940624017068544,
          1.0
        ]
      ],
      "cka_pairs": {
        "sequence|structure": 0.13851141514715953,
        "sequence|ss8": 0.08865848237368378,
        "sequence|sasa": 0.14848057962930133,
        "sequence|function": 0.01698876690562192,
        "sequence|all": 0.10885953076700094,
        "structure|ss8": 0.6753062572323479,
        "structure|sasa": 0.8572635553399106,
        "structure|function": 0.025376749694357083,
        "structure|all": 0.7091827408832981,
        "ss8|sasa": 0.5666879809897872,
        "ss8|function": 0.024267773389711894,
        "ss8|all": 0.5784268847974443,
        "sasa|function": 0.02304154504134432,
        "sasa|all": 0.7155562430746196,
        "function|all": 0.18940624017068544
      },
      "mean_pairwise_cka": 0.3244009830290849,
      "alignment_to_all": 0.4602863279386097,
      "centroid_separation_eta_sq": 0.45668413515850204,
      "integration_index": 0.3244009830290849
    },
    "2": {
      "silhouette_overall": 0.3287805790263932,
      "silhouette_by_condition": {
        "sequence": 0.7815791631206852,
        "structure": 0.371607791108173,
        "ss8": 0.4760460049126072,
        "sasa": 0.5065436587757333,
        "function": -0.19773785786243356,
        "all": 0.03464471410359417
      },
      "conditions_present": [
        "sequence",
        "structure",
        "ss8",
        "sasa",
        "function",
        "all"
      ],
      "cka_matrix": [
        [
          1.0,
          0.14526846242340574,
          0.08437730590474427,
          0.16741394967801754,
          0.015815280281035897,
          0.10958776360561061
        ],
        [
          0.14526846242340574,
          1.0,
          0.6814727110983227,
          0.8747661088691002,
          0.021160834286807234,
          0.7434818824659374
        ],
        [
          0.08437730590474427,
          0.6814727110983227,
          1.0,
          0.5572064216521613,
          0.020620180077924335,
          0.5987127046231304
        ],
        [
          0.16741394967801754,
          0.8747661088691002,
          0.5572064216521613,
          1.0,
          0.020297835087652392,
          0.7522986365591765
        ],
        [
          0.015815280281035897,
          0.021160834286807234,
          0.020620180077924335,
          0.020297835087652392,
          1.0,
          0.11736318466513433
        ],
        [
          0.10958776360561061,
          0.7434818824659374,
          0.5987127046231304,
          0.7522986365591765,
          0.11736318466513433,
          1.0
        ]
      ],
      "cka_pairs": {
        "sequence|structure": 0.14526846242340574,
        "sequence|ss8": 0.08437730590474427,
        "sequence|sasa": 0.16741394967801754,
        "sequence|function": 0.015815280281035897,
        "sequence|all": 0.10958776360561061,
        "structure|ss8": 0.6814727110983227,
        "structure|sasa": 0.8747661088691002,
        "structure|function": 0.021160834286807234,
        "structure|all": 0.7434818824659374,
        "ss8|sasa": 0.5572064216521613,
        "ss8|function": 0.020620180077924335,
        "ss8|all": 0.5987127046231304,
        "sasa|function": 0.020297835087652392,
        "sasa|all": 0.7522986365591765,
        "function|all": 0.11736318466513433
      },
      "mean_pairwise_cka": 0.3273228840852107,
      "alignment_to_all": 0.46428883438379787,
      "centroid_separation_eta_sq": 0.5218929977260434,
      "integration_index": 0.3273228840852107
    },
    "3": {
      "silhouette_overall": 0.33226254049470383,
      "silhouette_by_condition": {
        "sequence": 0.7497073813757473,
        "structure": 0.35852801908318427,
        "ss8": 0.4720763167035205,
        "sasa": 0.5061572235552021,
        "function": -0.1570062338397479,
        "all": 0.06411253609031675
      },
      "conditions_present": [
        "sequence",
        "structure",
        "ss8",
        "sasa",
        "function",
        "all"
      ],
      "cka_matrix": [
        [
          1.0,
          0.15281940072969177,
          0.07946925476868878,
          0.1529076592016328,
          0.014711173186124785,
          0.1248206715256138
        ],
        [
          0.15281940072969177,
          1.0,
          0.7082374239422045,
          0.8831043463906264,
          0.016961464669470013,
          0.8036460882478852
        ],
        [
          0.07946925476868878,
          0.7082374239422045,
          1.0,
          0.5632708506173226,
          0.015757004432164448,
          0.6326790172319798
        ],
        [
          0.1529076592016328,
          0.8831043463906264,
          0.5632708506173226,
          1.0,
          0.015927627897698683,
          0.7967763196420714
        ],
        [
          0.014711173186124785,
          0.016961464669470013,
          0.015757004432164448,
          0.015927627897698683,
          1.0,
          0.08111316164112968
        ],
        [
          0.1248206715256138,
          0.8036460882478852,
          0.6326790172319798,
          0.7967763196420714,
          0.08111316164112968,
          1.0
        ]
      ],
      "cka_pairs": {
        "sequence|structure": 0.15281940072969177,
        "sequence|ss8": 0.07946925476868878,
        "sequence|sasa": 0.1529076592016328,
        "sequence|function": 0.014711173186124785,
        "sequence|all": 0.1248206715256138,
        "structure|ss8": 0.7082374239422045,
        "structure|sasa": 0.8831043463906264,
        "structure|function": 0.016961464669470013,
        "structure|all": 0.8036460882478852,
        "ss8|sasa": 0.5632708506173226,
        "ss8|function": 0.015757004432164448,
        "ss8|all": 0.6326790172319798,
        "sasa|function": 0.015927627897698683,
        "sasa|all": 0.7967763196420714,
        "function|all": 0.08111316164112968
      },
      "mean_pairwise_cka": 0.33614676427495366,
      "alignment_to_all": 0.48780705165773597,
      "centroid_separation_eta_sq": 0.5749177472769944,
      "integration_index": 0.33614676427495366
    },
    "4": {
      "silhouette_overall": 0.3476141100233003,
      "silhouette_by_condition": {
        "sequence": 0.6912055374400862,
        "structure": 0.35006272431673374,
        "ss8": 0.4968220716511445,
        "sasa": 0.5106690022838735,
        "function": -0.07805643311413399,
        "all": 0.11498175756209753
      },
      "conditions_present": [
        "sequence",
        "structure",
        "ss8",
        "sasa",
        "function",
        "all"
      ],
      "cka_matrix": [
        [
          1.0,
          0.12659878079521442,
          0.06889902578815563,
          0.10209591879326531,
          0.013846477979985604,
          0.12176636447525388
        ],
        [
          0.12659878079521442,
          1.0,
          0.7297509555966514,
          0.8665951401449594,
          0.015392246055770479,
          0.8612270968851065
        ],
        [
          0.06889902578815563,
          0.7297509555966514,
          1.0,
          0.5965295581640572,
          0.014182573971943136,
          0.674938939565116
        ],
        [
          0.10209591879326531,
          0.8665951401449594,
          0.5965295581640572,
          1.0,
          0.014693590977085034,
          0.8458986184705856
        ],
        [
          0.013846477979985604,
          0.015392246055770479,
          0.014182573971943136,
          0.014693590977085034,
          1.0,
          0.06607377472430122
        ],
        [
          0.12176636447525388,
          0.8612270968851065,
          0.674938939565116,
          0.8458986184705856,
          0.06607377472430122,
          1.0
        ]
      ],
      "cka_pairs": {
        "sequence|structure": 0.12659878079521442,
        "sequence|ss8": 0.06889902578815563,
        "sequence|sasa": 0.10209591879326531,
        "sequence|function": 0.013846477979985604,
        "sequence|all": 0.12176636447525388,
        "structure|ss8": 0.7297509555966514,
        "structure|sasa": 0.8665951401449594,
        "structure|function": 0.015392246055770479,
        "structure|all": 0.8612270968851065,
        "ss8|sasa": 0.5965295581640572,
        "ss8|function": 0.014182573971943136,
        "ss8|all": 0.674938939565116,
        "sasa|function": 0.014693590977085034,
        "sasa|all": 0.8458986184705856,
        "function|all": 0.06607377472430122
      },
      "mean_pairwise_cka": 0.3412326041591634,
      "alignment_to_all": 0.5139809588240727,
      "centroid_separation_eta_sq": 0.6207162890542425,
      "integration_index": 0.3412326041591634
    },
    "5": {
      "silhouette_overall": 0.37262599613492964,
      "silhouette_by_condition": {
        "sequence": 0.6520311528933468,
        "structure": 0.42169156071334507,
        "ss8": 0.4933278562727469,
        "sasa": 0.47468890180938816,
        "function": 0.003925512479677628,
        "all": 0.19009099264107357
      },
      "conditions_present": [
        "sequence",
        "structure",
        "ss8",
        "sasa",
        "function",
        "all"
      ],
      "cka_matrix": [
        [
          1.0,
          0.12205219977145382,
          0.07957292364954843,
          0.09862500855947041,
          0.02645530956350616,
          0.13671706542272852
        ],
        [
          0.12205219977145382,
          1.0,
          0.7640101359091319,
          0.8993846677723246,
          0.016605818636229494,
          0.9123467313875941
        ],
        [
          0.07957292364954843,
          0.7640101359091319,
          1.0,
          0.6488080152580628,
          0.013892170510623624,
          0.7306719485410532
        ],
        [
          0.09862500855947041,
          0.8993846677723246,
          0.6488080152580628,
          1.0,
          0.016050693903868363,
          0.8926861794612365
        ],
        [
          0.02645530956350616,
          0.016605818636229494,
          0.013892170510623624,
          0.016050693903868363,
          1.0,
          0.05013493980253252
        ],
        [
          0.13671706542272852,
          0.9123467313875941,
          0.7306719485410532,
          0.8926861794612365,
          0.05013493980253252,
          1.0
        ]
      ],
      "cka_pairs": {
        "sequence|structure": 0.12205219977145382,
        "sequence|ss8": 0.07957292364954843,
        "sequence|sasa": 0.09862500855947041,
        "sequence|function": 0.02645530956350616,
        "sequence|all": 0.13671706542272852,
        "structure|ss8": 0.7640101359091319,
        "structure|sasa": 0.8993846677723246,
        "structure|function": 0.016605818636229494,
        "structure|all": 0.9123467313875941,
        "ss8|sasa": 0.6488080152580628,
        "ss8|function": 0.013892170510623624,
        "ss8|all": 0.7306719485410532,
        "sasa|function": 0.016050693903868363,
        "sasa|all": 0.8926861794612365,
        "function|all": 0.05013493980253252
      },
      "mean_pairwise_cka": 0.3605342538766243,
      "alignment_to_all": 0.544511372923029,
      "centroid_separation_eta_sq": 0.6639920183703313,
      "integration_index": 0.3605342538766243
    },
    "6": {
      "silhouette_overall": 0.3844621271787729,
      "silhouette_by_condition": {
        "sequence": 0.6103973862779205,
        "structure": 0.40960512066281846,
        "ss8": 0.4941031919471037,
        "sasa": 0.4454947717844069,
        "function": 0.08737536864257682,
        "all": 0.2597969237578113
      },
      "conditions_present": [
        "sequence",
        "structure",
        "ss8",
        "sasa",
        "function",
        "all"
      ],
      "cka_matrix": [
        [
          1.0,
          0.13684125201593286,
          0.08239585527229609,
          0.11503165318343694,
          0.04693655333741636,
          0.17123678445966115
        ],
        [
          0.13684125201593286,
          1.0,
          0.7975467037567536,
          0.9003733499876746,
          0.018457893304225877,
          0.9291207652365264
        ],
        [
          0.08239585527229609,
          0.7975467037567536,
          1.0,
          0.714147533992474,
          0.014248975601899512,
          0.7802748453854239
        ],
        [
          0.11503165318343694,
          0.9003733499876746,
          0.714147533992474,
          1.0,
          0.01714573815840984,
          0.9075720904322068
        ],
        [
          0.04693655333741636,
          0.018457893304225877,
          0.014248975601899512,
          0.01714573815840984,
          1.0,
          0.044560007615123985
        ],
        [
          0.17123678445966115,
          0.9291207652365264,
          0.7802748453854239,
          0.9075720904322068,
          0.044560007615123985,
          1.0
        ]
      ],
      "cka_pairs": {
        "sequence|structure": 0.13684125201593286,
        "sequence|ss8": 0.08239585527229609,
        "sequence|sasa": 0.11503165318343694,
        "sequence|function": 0.04693655333741636,
        "sequence|all": 0.17123678445966115,
        "structure|ss8": 0.7975467037567536,
        "structure|sasa": 0.9003733499876746,
        "structure|function": 0.018457893304225877,
        "structure|all": 0.9291207652365264,
        "ss8|sasa": 0.714147533992474,
        "ss8|function": 0.014248975601899512,
        "ss8|all": 0.7802748453854239,
        "sasa|function": 0.01714573815840984,
        "sasa|all": 0.9075720904322068,
        "function|all": 0.044560007615123985
      },
      "mean_pairwise_cka": 0.37839266678263084,
      "alignment_to_all": 0.5665528986257884,
      "centroid_separation_eta_sq": 0.6969923218256255,
      "integration_index": 0.37839266678263084
    },
    "7": {
      "silhouette_overall": 0.3785208394464688,
      "silhouette_by_condition": {
        "sequence": 0.565142757574464,
        "structure": 0.3968326094844938,
        "ss8": 0.4788388839856169,
        "sasa": 0.41842353608216587,
        "function": 0.13322133394239544,
        "all": 0.27866591560967646
      },
      "conditions_present": [
        "sequence",
        "structure",
        "ss8",
        "sasa",
        "function",
        "all"
      ],
      "cka_matrix": [
        [
          1.0,
          0.13869401296948589,
          0.10147476495484974,
          0.12250888052614835,
          0.05009145785042583,
          0.19449478952705215
        ],
        [
          0.13869401296948589,
          1.0,
          0.8165855233579874,
          0.9082376467253825,
          0.017166031307571765,
          0.9467921593519074
        ],
        [
          0.10147476495484974,
          0.8165855233579874,
          1.0,
          0.7411908097523042,
          0.01377737129136114,
          0.8054033894258187
        ],
        [
          0.12250888052614835,
          0.9082376467253825,
          0.7411908097523042,
          1.0,
          0.01642993384121531,
          0.9179776207101042
        ],
        [
          0.05009145785042583,
          0.017166031307571765,
          0.01377737129136114,
          0.01642993384121531,
          1.0,
          0.040705946006171875
        ],
        [
          0.19449478952705215,
          0.9467921593519074,
          0.8054033894258187,
          0.9179776207101042,
          0.040705946006171875,
          1.0
        ]
      ],
      "cka_pairs": {
        "sequence|structure": 0.13869401296948589,
        "sequence|ss8": 0.10147476495484974,
        "sequence|sasa": 0.12250888052614835,
        "sequence|function": 0.05009145785042583,
        "sequence|all": 0.19449478952705215,
        "structure|ss8": 0.8165855233579874,
        "structure|sasa": 0.9082376467253825,
        "structure|function": 0.017166031307571765,
        "structure|all": 0.9467921593519074,
        "ss8|sasa": 0.7411908097523042,
        "ss8|function": 0.01377737129136114,
        "ss8|all": 0.8054033894258187,
        "sasa|function": 0.01642993384121531,
        "sasa|all": 0.9179776207101042,
        "function|all": 0.040705946006171875
      },
      "mean_pairwise_cka": 0.3887686891731858,
      "alignment_to_all": 0.581074781004211,
      "centroid_separation_eta_sq": 0.6959410964735393,
      "integration_index": 0.3887686891731858
    },
    "8": {
      "silhouette_overall": 0.3835085406919515,
      "silhouette_by_condition": {
        "sequence": 0.522389709959533,
        "structure": 0.4370931925673409,
        "ss8": 0.4752010902562453,
        "sasa": 0.4025422276988661,
        "function": 0.17453774210712528,
        "all": 0.28928728156259836
      },
      "conditions_present": [
        "sequence",
        "structure",
        "ss8",
        "sasa",
        "function",
        "all"
      ],
      "cka_matrix": [
        [
          1.0,
          0.16965735547148533,
          0.12910382231107043,
          0.15081520124347358,
          0.05568881845162151,
          0.23222136160373724
        ],
        [
          0.16965735547148533,
          1.0,
          0.8106555758413088,
          0.9065845413747197,
          0.0173348634817726,
          0.9513682693442322
        ],
        [
          0.12910382231107043,
          0.8106555758413088,
          1.0,
          0.7362683357961767,
          0.013833598607576193,
          0.8000769020610061
        ],
        [
          0.15081520124347358,
          0.9065845413747197,
          0.7362683357961767,
          1.0,
          0.015703329897787173,
          0.920646373461633
        ],
        [
          0.05568881845162151,
          0.0173348634817726,
          0.013833598607576193,
          0.015703329897787173,
          1.0,
          0.03789706783138296
        ],
        [
          0.23222136160373724,
          0.9513682693442322,
          0.8000769020610061,
          0.920646373461633,
          0.03789706783138296,
          1.0
        ]
      ],
      "cka_pairs": {
        "sequence|structure": 0.16965735547148533,
        "sequence|ss8": 0.12910382231107043,
        "sequence|sasa": 0.15081520124347358,
        "sequence|function": 0.05568881845162151,
        "sequence|all": 0.23222136160373724,
        "structure|ss8": 0.8106555758413088,
        "structure|sasa": 0.9065845413747197,
        "structure|function": 0.0173348634817726,
        "structure|all": 0.9513682693442322,
        "ss8|sasa": 0.7362683357961767,
        "ss8|function": 0.013833598607576193,
        "ss8|all": 0.8000769020610061,
        "sasa|function": 0.015703329897787173,
        "sasa|all": 0.920646373461633,
        "function|all": 0.03789706783138296
      },
      "mean_pairwise_cka": 0.39652369445193225,
      "alignment_to_all": 0.5884419948603983,
      "centroid_separation_eta_sq": 0.723052108674993,
      "integration_index": 0.39652369445193225
    },
    "9": {
      "silhouette_overall": 0.38048474034406016,
      "silhouette_by_condition": {
        "sequence": 0.49692253964572053,
        "structure": 0.4340458077501334,
        "ss8": 0.46809828150448696,
        "sasa": 0.38625898191426133,
        "function": 0.20173384379870643,
        "all": 0.29584898745105276
      },
      "conditions_present": [
        "sequence",
        "structure",
        "ss8",
        "sasa",
        "function",
        "all"
      ],
      "cka_matrix": [
        [
          1.0,
          0.17868671691888324,
          0.14989799614029686,
          0.1707365213770006,
          0.05341065261824509,
          0.24813074485571285
        ],
        [
          0.17868671691888324,
          1.0,
          0.8035082290087369,
          0.9137510045108451,
          0.016537466261176456,
          0.9554587427007651
        ],
        [
          0.14989799614029686,
          0.8035082290087369,
          1.0,
          0.7315316810600248,
          0.013845041732425789,
          0.7938638756398614
        ],
        [
          0.1707365213770006,
          0.9137510045108451,
          0.7315316810600248,
          1.0,
          0.01562662898412007,
          0.923620517914737
        ],
        [
          0.05341065261824509,
          0.016537466261176456,
          0.013845041732425789,
          0.01562662898412007,
          1.0,
          0.03522512674564651
        ],
        [
          0.24813074485571285,
          0.9554587427007651,
          0.7938638756398614,
          0.923620517914737,
          0.03522512674564651,
          1.0
        ]
      ],
      "cka_pairs": {
        "sequence|structure": 0.17868671691888324,
        "sequence|ss8": 0.14989799614029686,
        "sequence|sasa": 0.1707365213770006,
        "sequence|function": 0.05341065261824509,
        "sequence|all": 0.24813074485571285,
        "structure|ss8": 0.8035082290087369,
        "structure|sasa": 0.9137510045108451,
        "structure|function": 0.016537466261176456,
        "structure|all": 0.9554587427007651,
        "ss8|sasa": 0.7315316810600248,
        "ss8|function": 0.013845041732425789,
        "ss8|all": 0.7938638756398614,
        "sasa|function": 0.01562662898412007,
        "sasa|all": 0.923620517914737,
        "function|all": 0.03522512674564651
      },
      "mean_pairwise_cka": 0.40025539643123176,
      "alignment_to_all": 0.5912598015713446,
      "centroid_separation_eta_sq": 0.7241172800562177,
      "integration_index": 0.40025539643123176
    },
    "10": {
      "silhouette_overall": 0.38576056901870803,
      "silhouette_by_condition": {
        "sequence": 0.4687248158656619,
        "structure": 0.44210305113201726,
        "ss8": 0.4733821566097381,
        "sasa": 0.37873168249226724,
        "function": 0.22648439191688996,
        "all": 0.3251373160956737
      },
      "conditions_present": [
        "sequence",
        "structure",
        "ss8",
        "sasa",
        "function",
        "all"
      ],
      "cka_matrix": [
        [
          1.0,
          0.1887324124765247,
          0.16929442738895387,
          0.1815272322857855,
          0.05005896177536549,
          0.2768132025907329
        ],
        [
          0.1887324124765247,
          1.0,
          0.8105103736969437,
          0.9114779749210122,
          0.015900878951319176,
          0.9573642030957747
        ],
        [
          0.16929442738895387,
          0.8105103736969437,
          1.0,
          0.7190242474439286,
          0.013663791172339351,
          0.7849900888134076
        ],
        [
          0.1815272322857855,
          0.9114779749210122,
          0.7190242474439286,
          1.0,
          0.01512322688152698,
          0.9236565210358679
        ],
        [
          0.05005896177536549,
          0.015900878951319176,
          0.013663791172339351,
          0.01512322688152698,
          1.0,
          0.03431983424362619
        ],
        [
          0.2768132025907329,
          0.9573642030957747,
          0.7849900888134076,
          0.9236565210358679,
          0.03431983424362619,
          1.0
        ]
      ],
      "cka_pairs": {
        "sequence|structure": 0.1887324124765247,
        "sequence|ss8": 0.16929442738895387,
        "sequence|sasa": 0.1815272322857855,
        "sequence|function": 0.05005896177536549,
        "sequence|all": 0.2768132025907329,
        "structure|ss8": 0.8105103736969437,
        "structure|sasa": 0.9114779749210122,
        "structure|function": 0.015900878951319176,
        "structure|all": 0.9573642030957747,
        "ss8|sasa": 0.7190242474439286,
        "ss8|function": 0.013663791172339351,
        "ss8|all": 0.7849900888134076,
        "sasa|function": 0.01512322688152698,
        "sasa|all": 0.9236565210358679,
        "function|all": 0.03431983424362619
      },
      "mean_pairwise_cka": 0.4034971584515406,
      "alignment_to_all": 0.5954287699558819,
      "centroid_separation_eta_sq": 0.7335197697076884,
      "integration_index": 0.4034971584515406
    },
    "11": {
      "silhouette_overall": 0.39565540320026943,
      "silhouette_by_condition": {
        "sequence": 0.48496203452080194,
        "structure": 0.43727736039117143,
        "ss8": 0.4646611358159054,
        "sasa": 0.3668142831872045,
        "function": 0.27149498635646574,
        "all": 0.34872261893006773
      },
      "conditions_present": [
        "sequence",
        "structure",
        "ss8",
        "sasa",
        "function",
        "all"
      ],
      "cka_matrix": [
        [
          1.0,
          0.20073133114680197,
          0.19075067526059453,
          0.1929679679223282,
          0.0490218335312024,
          0.29809543600841354
        ],
        [
          0.20073133114680197,
          1.0,
          0.8192259542116523,
          0.9094237278661798,
          0.015017911522902886,
          0.9596696807081913
        ],
        [
          0.19075067526059453,
          0.8192259542116523,
          1.0,
          0.7071066307277972,
          0.013386061179202326,
          0.7781376894896844
        ],
        [
          0.1929679679223282,
          0.9094237278661798,
          0.7071066307277972,
          1.0,
          0.014353346772293515,
          0.9209941548050818
        ],
        [
          0.0490218335312024,
          0.015017911522902886,
          0.013386061179202326,
          0.014353346772293515,
          1.0,
          0.032034125618665574
        ],
        [
          0.29809543600841354,
          0.9596696807081913,
          0.7781376894896844,
          0.9209941548050818,
          0.032034125618665574,
          1.0
        ]
      ],
      "cka_pairs": {
        "sequence|structure": 0.20073133114680197,
        "sequence|ss8": 0.19075067526059453,
        "sequence|sasa": 0.1929679679223282,
        "sequence|function": 0.0490218335312024,
        "sequence|all": 0.29809543600841354,
        "structure|ss8": 0.8192259542116523,
        "structure|sasa": 0.9094237278661798,
        "structure|function": 0.015017911522902886,
        "structure|all": 0.9596696807081913,
        "ss8|sasa": 0.7071066307277972,
        "ss8|function": 0.013386061179202326,
        "ss8|all": 0.7781376894896844,
        "sasa|function": 0.014353346772293515,
        "sasa|all": 0.9209941548050818,
        "function|all": 0.032034125618665574
      },
      "mean_pairwise_cka": 0.40672776845139946,
      "alignment_to_all": 0.5977862173260073,
      "centroid_separation_eta_sq": 0.7382920728882769,
      "integration_index": 0.40672776845139946
    },
    "12": {
      "silhouette_overall": 0.3973011705482063,
      "silhouette_by_condition": {
        "sequence": 0.4875179818360959,
        "structure": 0.428285768477431,
        "ss8": 0.4517443084042243,
        "sasa": 0.35361858760603426,
        "function": 0.299750458228059,
        "all": 0.36288991873739324
      },
      "conditions_present": [
        "sequence",
        "structure",
        "ss8",
        "sasa",
        "function",
        "all"
      ],
      "cka_matrix": [
        [
          1.0,
          0.23219974650036299,
          0.2337520692330215,
          0.21105499603238026,
          0.04747967418599812,
          0.3280406564483661
        ],
        [
          0.23219974650036299,
          1.0,
          0.8281511657061921,
          0.9111869185708368,
          0.01469501501375772,
          0.9651808352762496
        ],
        [
          0.2337520692330215,
          0.8281511657061921,
          1.0,
          0.7154279309249983,
          0.013337228064555739,
          0.7849892432503346
        ],
        [
          0.21105499603238026,
          0.9111869185708368,
          0.7154279309249983,
          1.0,
          0.013414907383250569,
          0.9200587241574447
        ],
        [
          0.04747967418599812,
          0.01469501501375772,
          0.013337228064555739,
          0.013414907383250569,
          1.0,
          0.029702697797749523
        ],
        [
          0.3280406564483661,
          0.9651808352762496,
          0.7849892432503346,
          0.9200587241574447,
          0.029702697797749523,
          1.0
        ]
      ],
      "cka_pairs": {
        "sequence|structure": 0.23219974650036299,
        "sequence|ss8": 0.2337520692330215,
        "sequence|sasa": 0.21105499603238026,
        "sequence|function": 0.04747967418599812,
        "sequence|all": 0.3280406564483661,
        "structure|ss8": 0.8281511657061921,
        "structure|sasa": 0.9111869185708368,
        "structure|function": 0.01469501501375772,
        "structure|all": 0.9651808352762496,
        "ss8|sasa": 0.7154279309249983,
        "ss8|function": 0.013337228064555739,
        "ss8|all": 0.7849892432503346,
        "sasa|function": 0.013414907383250569,
        "sasa|all": 0.9200587241574447,
        "function|all": 0.029702697797749523
      },
      "mean_pairwise_cka": 0.41657812056969984,
      "alignment_to_all": 0.6055944313860289,
      "centroid_separation_eta_sq": 0.739024386716821,
      "integration_index": 0.41657812056969984
    },
    "13": {
      "silhouette_overall": 0.39837292552515435,
      "silhouette_by_condition": {
        "sequence": 0.48135107390875753,
        "structure": 0.42697447307568914,
        "ss8": 0.4533671666331295,
        "sasa": 0.3423347062100675,
        "function": 0.3173558615790539,
        "all": 0.3688542717442286
      },
      "conditions_present": [
        "sequence",
        "structure",
        "ss8",
        "sasa",
        "function",
        "all"
      ],
      "cka_matrix": [
        [
          1.0,
          0.2220764286406016,
          0.24812778433828028,
          0.21507434144278798,
          0.04617169344819356,
          0.31811718405393596
        ],
        [
          0.2220764286406016,
          1.0,
          0.8246704313937738,
          0.9087938979184613,
          0.014334641694315878,
          0.9671100371251101
        ],
        [
          0.24812778433828028,
          0.8246704313937738,
          1.0,
          0.7130286678110693,
          0.013070128109039144,
          0.7851657532936134
        ],
        [
          0.21507434144278798,
          0.9087938979184613,
          0.7130286678110693,
          1.0,
          0.013992033157208083,
          0.9193159566749147
        ],
        [
          0.04617169344819356,
          0.014334641694315878,
          0.013070128109039144,
          0.013992033157208083,
          1.0,
          0.028195433914170835
        ],
        [
          0.31811718405393596,
          0.9671100371251101,
          0.7851657532936134,
          0.9193159566749147,
          0.028195433914170835,
          1.0
        ]
      ],
      "cka_pairs": {
        "sequence|structure": 0.2220764286406016,
        "sequence|ss8": 0.24812778433828028,
        "sequence|sasa": 0.21507434144278798,
        "sequence|function": 0.04617169344819356,
        "sequence|all": 0.31811718405393596,
        "structure|ss8": 0.8246704313937738,
        "structure|sasa": 0.9087938979184613,
        "structure|function": 0.014334641694315878,
        "structure|all": 0.9671100371251101,
        "ss8|sasa": 0.7130286678110693,
        "ss8|function": 0.013070128109039144,
        "ss8|all": 0.7851657532936134,
        "sasa|function": 0.013992033157208083,
        "sasa|all": 0.9193159566749147,
        "function|all": 0.028195433914170835
      },
      "mean_pairwise_cka": 0.41581629420103167,
      "alignment_to_all": 0.6035808730123491,
      "centroid_separation_eta_sq": 0.7411427771707858,
      "integration_index": 0.41581629420103167
    },
    "14": {
      "silhouette_overall": 0.40109760881335216,
      "silhouette_by_condition": {
        "sequence": 0.4888535125215512,
        "structure": 0.4327010312915046,
        "ss8": 0.44764541387583673,
        "sasa": 0.3286924154885762,
        "function": 0.33314753182647666,
        "all": 0.3755457478761674
      },
      "conditions_present": [
        "sequence",
        "structure",
        "ss8",
        "sasa",
        "function",
        "all"
      ],
      "cka_matrix": [
        [
          1.0,
          0.21336132074097866,
          0.251887514907613,
          0.20949817012796432,
          0.04614265391039588,
          0.3155273753412742
        ],
        [
          0.21336132074097866,
          1.0,
          0.8185537008160625,
          0.9077941867065488,
          0.01390836896989697,
          0.966936141384393
        ],
        [
          0.251887514907613,
          0.8185537008160625,
          1.0,
          0.705949531128625,
          0.012561083996225962,
          0.7778807781708862
        ],
        [
          0.20949817012796432,
          0.9077941867065488,
          0.705949531128625,
          1.0,
          0.013927053630693551,
          0.9174698152364512
        ],
        [
          0.04614265391039588,
          0.01390836896989697,
          0.012561083996225962,
          0.013927053630693551,
          1.0,
          0.027654609509006174
        ],
        [
          0.3155273753412742,
          0.966936141384393,
          0.7778807781708862,
          0.9174698152364512,
          0.027654609509006174,
          1.0
        ]
      ],
      "cka_pairs": {
        "sequence|structure": 0.21336132074097866,
        "sequence|ss8": 0.251887514907613,
        "sequence|sasa": 0.20949817012796432,
        "sequence|function": 0.04614265391039588,
        "sequence|all": 0.3155273753412742,
        "structure|ss8": 0.8185537008160625,
        "structure|sasa": 0.9077941867065488,
        "structure|function": 0.01390836896989697,
        "structure|all": 0.966936141384393,
        "ss8|sasa": 0.705949531128625,
        "ss8|function": 0.012561083996225962,
        "ss8|all": 0.7778807781708862,
        "sasa|function": 0.013927053630693551,
        "sasa|all": 0.9174698152364512,
        "function|all": 0.027654609509006174
      },
      "mean_pairwise_cka": 0.4132701536384677,
      "alignment_to_all": 0.6010937439284021,
      "centroid_separation_eta_sq": 0.745139980461055,
      "integration_index": 0.4132701536384677
    },
    "15": {
      "silhouette_overall": 0.4024382874899802,
      "silhouette_by_condition": {
        "sequence": 0.49625590645778517,
        "structure": 0.43628762553578154,
        "ss8": 0.44400762963975887,
        "sasa": 0.32278862740705416,
        "function": 0.33729163243884575,
        "all": 0.3779983034606553
      },
      "conditions_present": [
        "sequence",
        "structure",
        "ss8",
        "sasa",
        "function",
        "all"
      ],
      "cka_matrix": [
        [
          1.0,
          0.20989491925815784,
          0.2559775277596253,
          0.2117279650672279,
          0.04565295528398533,
          0.31766534654416523
        ],
        [
