{
  "meta": {
    "n_proteins": 199,
    "conditions": [
      "sequence",
      "structure",
      "ss8",
      "sasa",
      "all"
    ],
    "conditions_order": [
      "sequence",
      "structure",
      "ss8",
      "sasa",
      "all"
    ],
    "layers": [
      0,
      8,
      16,
      24,
      32,
      40,
      47
    ],
    "d_model": 1536,
    "space": "full (1536-d mean-pooled residual stream)",
    "distance": "euclidean",
    "cka": "linear (Kornblith et al. 2019)",
    "integration_index": "mean linear CKA over all unordered condition pairs"
  },
  "per_layer": {
    "0": {
      "silhouette_overall": 0.6294742329308828,
      "silhouette_by_condition": {
        "sequence": 0.8280375040737555,
        "structure": 0.5686095033129918,
        "ss8": 0.558815947113774,
        "sasa": 0.6224021976143306,
        "all": 0.5695060125395621
      },
      "conditions_present": [
        "sequence",
        "structure",
        "ss8",
        "sasa",
        "all"
      ],
      "cka_matrix": [
        [
          1.0,
          0.1680014412468338,
          0.18605922024456217,
          0.1478366394053867,
          0.2128649160749661
        ],
        [
          0.1680014412468338,
          1.0,
          0.6189341390028984,
          0.7449425021671524,
          0.931806308151129
        ],
        [
          0.18605922024456217,
          0.6189341390028984,
          1.0,
          0.5048144778206066,
          0.7679177377362972
        ],
        [
          0.1478366394053867,
          0.7449425021671524,
          0.5048144778206066,
          1.0,
          0.8625983558306854
        ],
        [
          0.2128649160749661,
          0.931806308151129,
          0.7679177377362972,
          0.8625983558306854,
          1.0
        ]
      ],
      "cka_pairs": {
        "sequence|structure": 0.1680014412468338,
        "sequence|ss8": 0.18605922024456217,
        "sequence|sasa": 0.1478366394053867,
        "sequence|all": 0.2128649160749661,
        "structure|ss8": 0.6189341390028984,
        "structure|sasa": 0.7449425021671524,
        "structure|all": 0.931806308151129,
        "ss8|sasa": 0.5048144778206066,
        "ss8|all": 0.7679177377362972,
        "sasa|all": 0.8625983558306854
      },
      "mean_pairwise_cka": 0.5145775737680518,
      "alignment_to_all": 0.6937968294482695,
      "centroid_separation_eta_sq": 0.8643436913636824,
      "integration_index": 0.5145775737680518
    },
    "8": {
      "silhouette_overall": 0.5941086613004746,
      "silhouette_by_condition": {
        "sequence": 0.7150563839344597,
        "structure": 0.5850367450546227,
        "ss8": 0.5819705403072473,
        "sasa": 0.5366720155503194,
        "all": 0.5518076216557235
      },
      "conditions_present": [
        "sequence",
        "structure",
        "ss8",
        "sasa",
        "all"
      ],
      "cka_matrix": [
        [
          1.0,
          0.14940938074715845,
          0.11110362804005541,
          0.16134287603344777,
          0.22717816299171498
        ],
        [
          0.14940938074715845,
          1.0,
          0.7554150428524484,
          0.8366285687159304,
          0.9661760947112489
        ],
        [
          0.11110362804005541,
          0.7554150428524484,
          1.0,
          0.6998721484887765,
          0.7450039185157984
        ],
        [
          0.16134287603344777,
          0.8366285687159304,
          0.6998721484887765,
          1.0,
          0.9075341693457262
        ],
        [
          0.22717816299171498,
          0.9661760947112489,
          0.7450039185157984,
          0.9075341693457262,
          1.0
        ]
      ],
      "cka_pairs": {
        "sequence|structure": 0.14940938074715845,
        "sequence|ss8": 0.11110362804005541,
        "sequence|sasa": 0.16134287603344777,
        "sequence|all": 0.22717816299171498,
        "structure|ss8": 0.7554150428524484,
        "structure|sasa": 0.8366285687159304,
        "structure|all": 0.9661760947112489,
        "ss8|sasa": 0.6998721484887765,
        "ss8|all": 0.7450039185157984,
        "sasa|all": 0.9075341693457262
      },
      "mean_pairwise_cka": 0.5559663990442305,
      "alignment_to_all": 0.7114730863911221,
      "centroid_separation_eta_sq": 0.8769246525120309,
      "integration_index": 0.5559663990442305
    },
    "16": {
      "silhouette_overall": 0.5375284203897981,
      "silhouette_by_condition": {
        "sequence": 0.6396893294754036,
        "structure": 0.5674122210198012,
        "ss8": 0.5047457634703569,
        "sasa": 0.42301795278753695,
        "all": 0.5527768351958915
      },
      "conditions_present": [
        "sequence",
        "structure",
        "ss8",
        "sasa",
        "all"
      ],
      "cka_matrix": [
        [
          1.0,
          0.2074569083605376,
          0.2294104367310449,
          0.22506792621022723,
          0.3003747645864037
        ],
        [
          0.2074569083605376,
          1.0,
          0.7853303668346465,
          0.843751568225818,
          0.962238571001275
        ],
        [
          0.2294104367310449,
          0.7853303668346465,
          1.0,
          0.7224671722271206,
          0.7280077271356021
        ],
        [
          0.22506792621022723,
          0.843751568225818,
          0.7224671722271206,
          1.0,
          0.8865921737380538
        ],
        [
          0.3003747645864037,
          0.962238571001275,
          0.7280077271356021,
          0.8865921737380538,
          1.0
        ]
      ],
      "cka_pairs": {
        "sequence|structure": 0.2074569083605376,
        "sequence|ss8": 0.2294104367310449,
        "sequence|sasa": 0.22506792621022723,
        "sequence|all": 0.3003747645864037,
        "structure|ss8": 0.7853303668346465,
        "structure|sasa": 0.843751568225818,
        "structure|all": 0.962238571001275,
        "ss8|sasa": 0.7224671722271206,
        "ss8|all": 0.7280077271356021,
        "sasa|all": 0.8865921737380538
      },
      "mean_pairwise_cka": 0.589069761505073,
      "alignment_to_all": 0.7193033091153336,
      "centroid_separation_eta_sq": 0.8591649970697457,
      "integration_index": 0.589069761505073
    },
    "24": {
      "silhouette_overall": 0.43526694396350524,
      "silhouette_by_condition": {
        "sequence": 0.4536330591894658,
        "structure": 0.5055778578298676,
        "ss8": 0.4170929329971335,
        "sasa": 0.30511176718060906,
        "all": 0.4949191026204502
      },
      "conditions_present": [
        "sequence",
        "structure",
        "ss8",
        "sasa",
        "all"
      ],
      "cka_matrix": [
        [
          1.0,
          0.2738326461677756,
          0.495257162410727,
          0.43369739226782944,
          0.2863580662966207
        ],
        [
          0.2738326461677756,
          1.0,
          0.605357500033753,
          0.6849825189146667,
          0.9566744396544568
        ],
        [
          0.495257162410727,
          0.605357500033753,
          1.0,
          0.7344398039067394,
          0.5561165269826172
        ],
        [
          0.43369739226782944,
          0.6849825189146667,
          0.7344398039067394,
          1.0,
          0.6980979114067384
        ],
        [
          0.2863580662966207,
          0.9566744396544568,
          0.5561165269826172,
          0.6980979114067384,
          1.0
        ]
      ],
      "cka_pairs": {
        "sequence|structure": 0.2738326461677756,
        "sequence|ss8": 0.495257162410727,
        "sequence|sasa": 0.43369739226782944,
        "sequence|all": 0.2863580662966207,
        "structure|ss8": 0.605357500033753,
        "structure|sasa": 0.6849825189146667,
        "structure|all": 0.9566744396544568,
        "ss8|sasa": 0.7344398039067394,
        "ss8|all": 0.5561165269826172,
        "sasa|all": 0.6980979114067384
      },
      "mean_pairwise_cka": 0.5724813968041924,
      "alignment_to_all": 0.6243117360851083,
      "centroid_separation_eta_sq": 0.8555636959946715,
      "integration_index": 0.5724813968041924
    },
    "32": {
      "silhouette_overall": 0.09505817179656734,
      "silhouette_by_condition": {
        "sequence": 0.0763983680064469,
        "structure": 0.10902244825333408,
        "ss8": 0.07324442950534463,
        "sasa": 0.07310372187220417,
        "all": 0.14352189134550694
      },
      "conditions_present": [
        "sequence",
        "structure",
        "ss8",
        "sasa",
        "all"
      ],
      "cka_matrix": [
        [
          1.0,
          0.8151430275403585,
          0.7217341187279454,
          0.7043793517145674,
          0.7393725721953979
        ],
        [
          0.8151430275403585,
          1.0,
          0.7246768085106507,
          0.730052680304814,
          0.952095717769578
        ],
        [
          0.7217341187279454,
          0.7246768085106507,
          1.0,
          0.8041112790479946,
          0.6010292711225604
        ],
        [
          0.7043793517145674,
          0.730052680304814,
          0.8041112790479946,
          1.0,
          0.63131720690455
        ],
        [
          0.7393725721953979,
          0.952095717769578,
          0.6010292711225604,
          0.63131720690455,
          1.0
        ]
      ],
      "cka_pairs": {
        "sequence|structure": 0.8151430275403585,
        "sequence|ss8": 0.7217341187279454,
        "sequence|sasa": 0.7043793517145674,
        "sequence|all": 0.7393725721953979,
        "structure|ss8": 0.7246768085106507,
        "structure|sasa": 0.730052680304814,
        "structure|all": 0.952095717769578,
        "ss8|sasa": 0.8041112790479946,
        "ss8|all": 0.6010292711225604,
        "sasa|all": 0.63131720690455
      },
      "mean_pairwise_cka": 0.7423912033838416,
      "alignment_to_all": 0.7309536919980216,
      "centroid_separation_eta_sq": 0.39133404172110564,
      "integration_index": 0.7423912033838416
    },
    "40": {
      "silhouette_overall": 0.053898724650204,
      "silhouette_by_condition": {
        "sequence": 0.01888044243380051,
        "structure": 0.03962193554808169,
        "ss8": 0.03443553185953659,
        "sasa": 0.08702281487659293,
        "all": 0.08953289853300828
      },
      "conditions_present": [
        "sequence",
        "structure",
        "ss8",
        "sasa",
        "all"
      ],
      "cka_matrix": [
        [
          1.0,
          0.970970531453601,
          0.9637254690895756,
          0.943491178695109,
          0.9718610761788775
        ],
        [
          0.970970531453601,
          1.0,
          0.9669877380929308,
          0.9497979388632372,
          0.9870272187281944
        ],
        [
          0.9637254690895756,
          0.9669877380929308,
          1.0,
          0.9703042213073818,
          0.9524478864460598
        ],
        [
          0.943491178695109,
          0.9497979388632372,
          0.9703042213073818,
          1.0,
          0.9381596866259073
        ],
        [
          0.9718610761788775,
          0.9870272187281944,
          0.9524478864460598,
          0.9381596866259073,
          1.0
        ]
      ],
      "cka_pairs": {
        "sequence|structure": 0.970970531453601,
        "sequence|ss8": 0.9637254690895756,
        "sequence|sasa": 0.943491178695109,
        "sequence|all": 0.9718610761788775,
        "structure|ss8": 0.9669877380929308,
        "structure|sasa": 0.9497979388632372,
        "structure|all": 0.9870272187281944,
        "ss8|sasa": 0.9703042213073818,
        "ss8|all": 0.9524478864460598,
        "sasa|all": 0.9381596866259073
      },
      "mean_pairwise_cka": 0.9614772945480874,
      "alignment_to_all": 0.9623739669947599,
      "centroid_separation_eta_sq": 0.13131700878442615,
      "integration_index": 0.9614772945480874
    },
    "47": {
      "silhouette_overall": 0.05327795823070271,
      "silhouette_by_condition": {
        "sequence": 0.007281668445870319,
        "structure": 0.10789314152282498,
        "ss8": 0.01981206111861528,
        "sasa": 0.02304585868893299,
        "all": 0.10835706137726991
      },
      "conditions_present": [
        "sequence",
        "structure",
        "ss8",
        "sasa",
        "all"
      ],
      "cka_matrix": [
        [
          1.0,
          0.8625853210554386,
          0.7283551884846917,
          0.6963461811951498,
          0.8882333078099327
        ],
        [
          0.8625853210554386,
          1.0,
          0.7886745941940451,
          0.7378025230708218,
          0.9455449839425089
        ],
        [
          0.7283551884846917,
          0.7886745941940451,
          1.0,
          0.8672460660207558,
          0.7611373897182163
        ],
        [
          0.6963461811951498,
          0.7378025230708218,
          0.8672460660207558,
          1.0,
          0.7227564504540375
        ],
        [
          0.8882333078099327,
          0.9455449839425089,
          0.7611373897182163,
          0.7227564504540375,
          1.0
        ]
      ],
      "cka_pairs": {
        "sequence|structure": 0.8625853210554386,
        "sequence|ss8": 0.7283551884846917,
        "sequence|sasa": 0.6963461811951498,
        "sequence|all": 0.8882333078099327,
        "structure|ss8": 0.7886745941940451,
        "structure|sasa": 0.7378025230708218,
        "structure|all": 0.9455449839425089,
        "ss8|sasa": 0.8672460660207558,
        "ss8|all": 0.7611373897182163,
        "sasa|all": 0.7227564504540375
      },
      "mean_pairwise_cka": 0.7998682005945599,
      "alignment_to_all": 0.8294180329811739,
      "centroid_separation_eta_sq": 0.2712679597661595,
      "integration_index": 0.7998682005945599
    }
  },
  "series": {
    "layers": [
      0,
      8,
      16,
      24,
      32,
      40,
      47
    ],
    "silhouette": [
      0.6294742329308828,
      0.5941086613004746,
      0.5375284203897981,
      0.43526694396350524,
      0.09505817179656734,
      0.053898724650204,
      0.05327795823070271
    ],
    "mean_pairwise_cka": [
      0.5145775737680518,
      0.5559663990442305,
      0.589069761505073,
      0.5724813968041924,
      0.7423912033838416,
      0.9614772945480874,
      0.7998682005945599
    ],
    "integration_index": [
      0.5145775737680518,
      0.5559663990442305,
      0.589069761505073,
      0.5724813968041924,
      0.7423912033838416,
      0.9614772945480874,
      0.7998682005945599
    ],
    "alignment_to_all": [
      0.6937968294482695,
      0.7114730863911221,
      0.7193033091153336,
      0.6243117360851083,
      0.7309536919980216,
      0.9623739669947599,
      0.8294180329811739
    ],
    "centroid_separation_eta_sq": [
      0.8643436913636824,
      0.8769246525120309,
      0.8591649970697457,
      0.8555636959946715,
      0.39133404172110564,
      0.13131700878442615,
      0.2712679597661595
    ]
  }
}