{
  "meta": {
    "n_proteins": 189,
    "conditions": [
      "sequence",
      "structure",
      "ss8",
      "sasa",
      "function",
      "all"
    ],
    "conditions_order": [
      "sequence",
      "structure",
      "ss8",
      "sasa",
      "function",
      "all"
    ],
    "layers": [
      0,
      1,
      2,
      3,
      4,
      5,
      6,
      7,
      8,
      9,
      10,
      11,
      12,
      13,
      14,
      15,
      16,
      17,
      18,
      19,
      20,
      21,
      22,
      23,
      24,
      25,
      26,
      27,
      28,
      29,
      30,
      31,
      32,
      33,
      34,
      35,
      36,
      37,
      38,
      39,
      40,
      41,
      42,
      43,
      44,
      45,
      46,
      47
    ],
    "d_model": 1536,
    "space": "full (1536-d mean-pooled residual stream)",
    "distance": "euclidean",
    "cka": "linear (Kornblith et al. 2019)",
    "integration_index": "mean linear CKA over all unordered condition pairs"
  },
  "per_layer": {
    "0": {
      "silhouette_overall": 0.6236631738057351,
      "silhouette_by_condition": {
        "sequence": 0.8789088560524939,
        "structure": 0.8870865821194623,
        "ss8": 0.8061519038942585,
        "sasa": 0.8686089444362298,
        "function": 0.0013732162531282822,
        "all": 0.29984954007883696
      },
      "conditions_present": [
        "sequence",
        "structure",
        "ss8",
        "sasa",
        "function",
        "all"
      ],
      "cka_matrix": [
        [
          1.0,
          0.9997219114683537,
          0.9722964247971662,
          0.9983629639902878,
          0.8034317875487889,
          0.20531602187328915
        ],
        [
          0.9997219114683537,
          1.0,
          0.9716639555919788,
          0.9985047499032541,
          0.8023697152150646,
          0.20224276925948462
        ],
        [
          0.9722964247971662,
          0.9716639555919788,
          1.0,
          0.9742062918432798,
          0.7930052075534036,
          0.2744130958388994
        ],
        [
          0.9983629639902878,
          0.9985047499032541,
          0.9742062918432798,
          1.0,
          0.8032864062925389,
          0.21161558025756896
        ],
        [
          0.8034317875487889,
          0.8023697152150646,
          0.7930052075534036,
          0.8032864062925389,
          1.0,
          0.722305706785296
        ],
        [
          0.20531602187328915,
          0.20224276925948462,
          0.2744130958388994,
          0.21161558025756896,
          0.722305706785296,
          1.0
        ]
      ],
      "cka_pairs": {
        "sequence|structure": 0.9997219114683537,
        "sequence|ss8": 0.9722964247971662,
        "sequence|sasa": 0.9983629639902878,
        "sequence|function": 0.8034317875487889,
        "sequence|all": 0.20531602187328915,
        "structure|ss8": 0.9716639555919788,
        "structure|sasa": 0.9985047499032541,
        "structure|function": 0.8023697152150646,
        "structure|all": 0.20224276925948462,
        "ss8|sasa": 0.9742062918432798,
        "ss8|function": 0.7930052075534036,
        "ss8|all": 0.2744130958388994,
        "sasa|function": 0.8032864062925389,
        "sasa|all": 0.21161558025756896,
        "function|all": 0.722305706785296
      },
      "mean_pairwise_cka": 0.7155161725479101,
      "alignment_to_all": 0.32317863480290765,
      "centroid_separation_eta_sq": 0.6888983217395958,
      "integration_index": 0.7155161725479101
    },
    "1": {
      "silhouette_overall": 0.6237993660049549,
      "silhouette_by_condition": {
        "sequence": 0.8786387994282624,
        "structure": 0.8871381811659295,
        "ss8": 0.8055083009770546,
        "sasa": 0.8677999505231876,
        "function": 0.0028164440045883657,
        "all": 0.3008945199307066
      },
      "conditions_present": [
        "sequence",
        "structure",
        "ss8",
        "sasa",
        "function",
        "all"
      ],
      "cka_matrix": [
        [
          1.0,
          0.9997144382280412,
          0.9723524706778897,
          0.9983316416534183,
          0.8018432418347512,
          0.20420334436520082
        ],
        [
          0.9997144382280412,
          1.0,
          0.9717167853253419,
          0.9984838985618133,
          0.8007660450324302,
          0.20103485126497087
        ],
        [
          0.9723524706778897,
          0.9717167853253419,
          1.0,
          0.9743033992743316,
          0.7916330234577006,
          0.27338199761140647
        ],
        [
          0.9983316416534183,
          0.9984838985618133,
          0.9743033992743316,
          1.0,
          0.8016499122386452,
          0.2104772037391055
        ],
        [
          0.8018432418347512,
          0.8007660450324302,
          0.7916330234577006,
          0.8016499122386452,
          1.0,
          0.7232223508643268
        ],
        [
          0.20420334436520082,
          0.20103485126497087,
          0.27338199761140647,
          0.2104772037391055,
          0.7232223508643268,
          1.0
        ]
      ],
      "cka_pairs": {
        "sequence|structure": 0.9997144382280412,
        "sequence|ss8": 0.9723524706778897,
        "sequence|sasa": 0.9983316416534183,
        "sequence|function": 0.8018432418347512,
        "sequence|all": 0.20420334436520082,
        "structure|ss8": 0.9717167853253419,
        "structure|sasa": 0.9984838985618133,
        "structure|function": 0.8007660450324302,
        "structure|all": 0.20103485126497087,
        "ss8|sasa": 0.9743033992743316,
        "ss8|function": 0.7916330234577006,
        "ss8|all": 0.27338199761140647,
        "sasa|function": 0.8016499122386452,
        "sasa|all": 0.2104772037391055,
        "function|all": 0.7232223508643268
      },
      "mean_pairwise_cka": 0.7148743069419581,
      "alignment_to_all": 0.32246394956900215,
      "centroid_separation_eta_sq": 0.6883396726865776,
      "integration_index": 0.7148743069419581
    },
    "2": {
      "silhouette_overall": 0.6241481710540658,
      "silhouette_by_condition": {
        "sequence": 0.8787680120182377,
        "structure": 0.886926404778311,
        "ss8": 0.8067593507278475,
        "sasa": 0.8674516645260295,
        "function": 0.0037519994582787724,
        "all": 0.30123159481569084
      },
      "conditions_present": [
        "sequence",
        "structure",
        "ss8",
        "sasa",
        "function",
        "all"
      ],
      "cka_matrix": [
        [
          1.0,
          0.9997120727782376,
          0.9723392610213933,
          0.9982996234999146,
          0.8017343992810071,
          0.20245313057575082
        ],
        [
          0.9997120727782376,
          1.0,
          0.9717040463630492,
          0.9984577175715763,
          0.8006385723340691,
          0.19926655464865636
        ],
        [
          0.9723392610213933,
          0.9717040463630492,
          1.0,
          0.9743024388991182,
          0.7915218561216603,
          0.2711046823579048
        ],
        [
          0.9982996234999146,
          0.9984577175715763,
          0.9743024388991182,
          1.0,
          0.8015453379399914,
          0.20879708773985198
        ],
        [
          0.8017343992810071,
          0.8006385723340691,
          0.7915218561216603,
          0.8015453379399914,
          1.0,
          0.7224884170390672
        ],
        [
          0.20245313057575082,
          0.19926655464865636,
          0.2711046823579048,
          0.20879708773985198,
          0.7224884170390672,
          1.0
        ]
      ],
      "cka_pairs": {
        "sequence|structure": 0.9997120727782376,
        "sequence|ss8": 0.9723392610213933,
        "sequence|sasa": 0.9982996234999146,
        "sequence|function": 0.8017343992810071,
        "sequence|all": 0.20245313057575082,
        "structure|ss8": 0.9717040463630492,
        "structure|sasa": 0.9984577175715763,
        "structure|function": 0.8006385723340691,
        "structure|all": 0.19926655464865636,
        "ss8|sasa": 0.9743024388991182,
        "ss8|function": 0.7915218561216603,
        "ss8|all": 0.2711046823579048,
        "sasa|function": 0.8015453379399914,
        "sasa|all": 0.20879708773985198,
        "function|all": 0.7224884170390672
      },
      "mean_pairwise_cka": 0.7142910132114165,
      "alignment_to_all": 0.3208219744722462,
      "centroid_separation_eta_sq": 0.6889705237415381,
      "integration_index": 0.7142910132114165
    },
    "3": {
      "silhouette_overall": 0.6245115212637653,
      "silhouette_by_condition": {
        "sequence": 0.8780915242749329,
        "structure": 0.8869392905749346,
        "ss8": 0.807110619300359,
        "sasa": 0.8672960025069603,
        "function": 0.004752000216608539,
        "all": 0.30287969070879656
      },
      "conditions_present": [
        "sequence",
        "structure",
        "ss8",
        "sasa",
        "function",
        "all"
      ],
      "cka_matrix": [
        [
          1.0,
          0.9997068440174123,
          0.9732774618413976,
          0.9983020383299361,
          0.8003944593528775,
          0.20386616863105042
        ],
        [
          0.9997068440174123,
          1.0,
          0.9726666448133674,
          0.9984612372212256,
          0.7993074230519281,
          0.20067293767459154
        ],
        [
          0.9732774618413976,
          0.9726666448133674,
          1.0,
          0.9752505077040716,
          0.7908236621014988,
          0.27072674490181986
        ],
        [
          0.9983020383299361,
          0.9984612372212256,
          0.9752505077040716,
          1.0,
          0.8001886172191368,
          0.21021754549435215
        ],
        [
          0.8003944593528775,
          0.7993074230519281,
          0.7908236621014988,
          0.8001886172191368,
          1.0,
          0.7251721162402113
        ],
        [
          0.20386616863105042,
          0.20067293767459154,
          0.27072674490181986,
          0.21021754549435215,
          0.7251721162402113,
          1.0
        ]
      ],
      "cka_pairs": {
        "sequence|structure": 0.9997068440174123,
        "sequence|ss8": 0.9732774618413976,
        "sequence|sasa": 0.9983020383299361,
        "sequence|function": 0.8003944593528775,
        "sequence|all": 0.20386616863105042,
        "structure|ss8": 0.9726666448133674,
        "structure|sasa": 0.9984612372212256,
        "structure|function": 0.7993074230519281,
        "structure|all": 0.20067293767459154,
        "ss8|sasa": 0.9752505077040716,
        "ss8|function": 0.7908236621014988,
        "ss8|all": 0.27072674490181986,
        "sasa|function": 0.8001886172191368,
        "sasa|all": 0.21021754549435215,
        "function|all": 0.7251721162402113
      },
      "mean_pairwise_cka": 0.714602293906325,
      "alignment_to_all": 0.32213110258840505,
      "centroid_separation_eta_sq": 0.6895415484967312,
      "integration_index": 0.714602293906325
    },
    "4": {
      "silhouette_overall": 0.625092812597931,
      "silhouette_by_condition": {
        "sequence": 0.8781475824173575,
        "structure": 0.8871423197025254,
        "ss8": 0.8070905636421951,
        "sasa": 0.8673706715945332,
        "function": 0.0071250348587936696,
        "all": 0.3036807033721813
      },
      "conditions_present": [
        "sequence",
        "structure",
        "ss8",
        "sasa",
        "function",
        "all"
      ],
      "cka_matrix": [
        [
          1.0,
          0.9996939689205041,
          0.9731656197333546,
          0.9982605849873083,
          0.7973551127985136,
          0.20466683119010182
        ],
        [
          0.9996939689205041,
          1.0,
          0.9725723653820569,
          0.9984218260952545,
          0.7962740950752694,
          0.20146259182532944
        ],
        [
          0.9731656197333546,
          0.9725723653820569,
          1.0,
          0.975176504991479,
          0.7878133416204304,
          0.2713589844879294
        ],
        [
          0.9982605849873083,
          0.9984218260952545,
          0.975176504991479,
          1.0,
          0.7971562211159425,
          0.21105736440800416
        ],
        [
          0.7973551127985136,
          0.7962740950752694,
          0.7878133416204304,
          0.7971562211159425,
          1.0,
          0.7287886853477487
        ],
        [
          0.20466683119010182,
          0.20146259182532944,
          0.2713589844879294,
          0.21105736440800416,
          0.7287886853477487,
          1.0
        ]
      ],
      "cka_pairs": {
        "sequence|structure": 0.9996939689205041,
        "sequence|ss8": 0.9731656197333546,
        "sequence|sasa": 0.9982605849873083,
        "sequence|function": 0.7973551127985136,
        "sequence|all": 0.20466683119010182,
        "structure|ss8": 0.9725723653820569,
        "structure|sasa": 0.9984218260952545,
        "structure|function": 0.7962740950752694,
        "structure|all": 0.20146259182532944,
        "ss8|sasa": 0.975176504991479,
        "ss8|function": 0.7878133416204304,
        "ss8|all": 0.2713589844879294,
        "sasa|function": 0.7971562211159425,
        "sasa|all": 0.21105736440800416,
        "function|all": 0.7287886853477487
      },
      "mean_pairwise_cka": 0.7142149398652816,
      "alignment_to_all": 0.3234668914518227,
      "centroid_separation_eta_sq": 0.690594336055669,
      "integration_index": 0.7142149398652816
    },
    "5": {
      "silhouette_overall": 0.6247992609931909,
      "silhouette_by_condition": {
        "sequence": 0.8779888769449066,
        "structure": 0.8867137748780761,
        "ss8": 0.8056491486884166,
        "sasa": 0.8666451671078695,
        "function": 0.00787946933351015,
        "all": 0.3039191290063662
      },
      "conditions_present": [
        "sequence",
        "structure",
        "ss8",
        "sasa",
        "function",
        "all"
      ],
      "cka_matrix": [
        [
          1.0,
          0.9996955718119431,
          0.9730955468604257,
          0.9982584674365548,
          0.79938497842308,
          0.20070738237613087
        ],
        [
          0.9996955718119431,
          1.0,
          0.9725221978658591,
          0.9984063256980271,
          0.7982873648819798,
          0.1974861373016179
        ],
        [
          0.9730955468604257,
          0.9725221978658591,
          1.0,
          0.9750773476407725,
          0.789698375615199,
          0.26784031176793643
        ],
        [
          0.9982584674365548,
          0.9984063256980271,
          0.9750773476407725,
          1.0,
          0.7991683758390389,
          0.20717996453634793
        ],
        [
          0.79938497842308,
          0.7982873648819798,
          0.789698375615199,
          0.7991683758390389,
          1.0,
          0.7235192712862861
        ],
        [
          0.20070738237613087,
          0.1974861373016179,
          0.26784031176793643,
          0.20717996453634793,
          0.7235192712862861,
          1.0
        ]
      ],
      "cka_pairs": {
        "sequence|structure": 0.9996955718119431,
        "sequence|ss8": 0.9730955468604257,
        "sequence|sasa": 0.9982584674365548,
        "sequence|function": 0.79938497842308,
        "sequence|all": 0.20070738237613087,
        "structure|ss8": 0.9725221978658591,
        "structure|sasa": 0.9984063256980271,
        "structure|function": 0.7982873648819798,
        "structure|all": 0.1974861373016179,
        "ss8|sasa": 0.9750773476407725,
        "ss8|function": 0.789698375615199,
        "ss8|all": 0.26784031176793643,
        "sasa|function": 0.7991683758390389,
        "sasa|all": 0.20717996453634793,
        "function|all": 0.7235192712862861
      },
      "mean_pairwise_cka": 0.7133551746227466,
      "alignment_to_all": 0.3193466134536639,
      "centroid_separation_eta_sq": 0.6903000256663253,
      "integration_index": 0.7133551746227466
    },
    "6": {
      "silhouette_overall": 0.625612562182648,
      "silhouette_by_condition": {
        "sequence": 0.8781051897982567,
        "structure": 0.8869561632481602,
        "ss8": 0.8045104373382473,
        "sasa": 0.8663077527798341,
        "function": 0.01166458122699211,
        "all": 0.30613124870439706
      },
      "conditions_present": [
        "sequence",
        "structure",
        "ss8",
        "sasa",
        "function",
        "all"
      ],
      "cka_matrix": [
        [
          1.0,
          0.9996844442495448,
          0.9727159600791888,
          0.9982614301563864,
          0.7984218339024557,
          0.19935339495337884
        ],
        [
          0.9996844442495448,
          1.0,
          0.9721451496670171,
          0.9984126964562393,
          0.7973181660452803,
          0.19613934254350102
        ],
        [
          0.9727159600791888,
          0.9721451496670171,
          1.0,
          0.9747217597304106,
          0.7886273963918021,
          0.26689251833722466
        ],
        [
          0.9982614301563864,
          0.9984126964562393,
          0.9747217597304106,
          1.0,
          0.7982188724742046,
          0.20576881132321292
        ],
        [
          0.7984218339024557,
          0.7973181660452803,
          0.7886273963918021,
          0.7982188724742046,
          1.0,
          0.723872998727597
        ],
        [
          0.19935339495337884,
          0.19613934254350102,
          0.26689251833722466,
          0.20576881132321292,
          0.723872998727597,
          1.0
        ]
      ],
      "cka_pairs": {
        "sequence|structure": 0.9996844442495448,
        "sequence|ss8": 0.9727159600791888,
        "sequence|sasa": 0.9982614301563864,
        "sequence|function": 0.7984218339024557,
        "sequence|all": 0.19935339495337884,
        "structure|ss8": 0.9721451496670171,
        "structure|sasa": 0.9984126964562393,
        "structure|function": 0.7973181660452803,
        "structure|all": 0.19613934254350102,
        "ss8|sasa": 0.9747217597304106,
        "ss8|function": 0.7886273963918021,
        "ss8|all": 0.26689251833722466,
        "sasa|function": 0.7982188724742046,
        "sasa|all": 0.20576881132321292,
        "function|all": 0.723872998727597
      },
      "mean_pairwise_cka": 0.7127036516691628,
      "alignment_to_all": 0.3184054131769829,
      "centroid_separation_eta_sq": 0.6921261642018549,
      "integration_index": 0.7127036516691628
    },
    "7": {
      "silhouette_overall": 0.6254521129778999,
      "silhouette_by_condition": {
        "sequence": 0.8779954591232006,
        "structure": 0.886443073431977,
        "ss8": 0.8035308196109909,
        "sasa": 0.8660105059153821,
        "function": 0.011060413645755753,
        "all": 0.3076724061400936
      },
      "conditions_present": [
        "sequence",
        "structure",
        "ss8",
        "sasa",
        "function",
        "all"
      ],
      "cka_matrix": [
        [
          1.0,
          0.9996777881966777,
          0.9727305866948353,
          0.9981717074140011,
          0.7976915968614109,
          0.19856005718117659
        ],
        [
          0.9996777881966777,
          1.0,
          0.9721685184925455,
          0.9983178928560755,
          0.7965772605954624,
          0.19533656026035345
        ],
        [
          0.9727305866948353,
          0.9721685184925455,
          1.0,
          0.9747825172625989,
          0.7879616585647331,
          0.2662514796237951
        ],
        [
          0.9981717074140011,
          0.9983178928560755,
          0.9747825172625989,
          1.0,
          0.7974611246381885,
          0.2052827152555213
        ],
        [
          0.7976915968614109,
          0.7965772605954624,
          0.7879616585647331,
          0.7974611246381885,
          1.0,
          0.7237986885351085
        ],
        [
          0.19856005718117659,
          0.19533656026035345,
          0.2662514796237951,
          0.2052827152555213,
          0.7237986885351085,
          1.0
        ]
      ],
      "cka_pairs": {
        "sequence|structure": 0.9996777881966777,
        "sequence|ss8": 0.9727305866948353,
        "sequence|sasa": 0.9981717074140011,
        "sequence|function": 0.7976915968614109,
        "sequence|all": 0.19856005718117659,
        "structure|ss8": 0.9721685184925455,
        "structure|sasa": 0.9983178928560755,
        "structure|function": 0.7965772605954624,
        "structure|all": 0.19533656026035345,
        "ss8|sasa": 0.9747825172625989,
        "ss8|function": 0.7879616585647331,
        "ss8|all": 0.2662514796237951,
        "sasa|function": 0.7974611246381885,
        "sasa|all": 0.2052827152555213,
        "function|all": 0.7237986885351085
      },
      "mean_pairwise_cka": 0.7123180101621656,
      "alignment_to_all": 0.31784590017119096,
      "centroid_separation_eta_sq": 0.6927832572378563,
      "integration_index": 0.7123180101621656
    },
    "8": {
      "silhouette_overall": 0.625943903227112,
      "silhouette_by_condition": {
        "sequence": 0.8778100866424339,
        "structure": 0.8860124331244973,
        "ss8": 0.8037158764684074,
        "sasa": 0.8660676873355458,
        "function": 0.011291983765288725,
        "all": 0.31076535202649874
      },
      "conditions_present": [
        "sequence",
        "structure",
        "ss8",
        "sasa",
        "function",
        "all"
      ],
      "cka_matrix": [
        [
          1.0,
          0.9996740418682949,
          0.9725067071444897,
          0.9981829621773894,
          0.7965724296740844,
          0.19975377264277366
        ],
        [
          0.9996740418682949,
          1.0,
          0.9719298848444208,
          0.9983336676148268,
          0.7954335973689313,
          0.19650362199516674
        ],
        [
          0.9725067071444897,
          0.9719298848444208,
          1.0,
          0.9745428565796033,
          0.7867534281307142,
          0.2669230530234005
        ],
        [
          0.9981829621773894,
          0.9983336676148268,
          0.9745428565796033,
          1.0,
          0.7963425452209955,
          0.20632698740710992
        ],
        [
          0.7965724296740844,
          0.7954335973689313,
          0.7867534281307142,
          0.7963425452209955,
          1.0,
          0.7260198226496829
        ],
        [
          0.19975377264277366,
          0.19650362199516674,
          0.2669230530234005,
          0.20632698740710992,
          0.7260198226496829,
          1.0
        ]
      ],
      "cka_pairs": {
        "sequence|structure": 0.9996740418682949,
        "sequence|ss8": 0.9725067071444897,
        "sequence|sasa": 0.9981829621773894,
        "sequence|function": 0.7965724296740844,
        "sequence|all": 0.19975377264277366,
        "structure|ss8": 0.9719298848444208,
        "structure|sasa": 0.9983336676148268,
        "structure|function": 0.7954335973689313,
        "structure|all": 0.19650362199516674,
        "ss8|sasa": 0.9745428565796033,
        "ss8|function": 0.7867534281307142,
        "ss8|all": 0.2669230530234005,
        "sasa|function": 0.7963425452209955,
        "sasa|all": 0.20632698740710992,
        "function|all": 0.7260198226496829
      },
      "mean_pairwise_cka": 0.7123866252227923,
      "alignment_to_all": 0.31910545154362674,
      "centroid_separation_eta_sq": 0.6937949960788891,
      "integration_index": 0.7123866252227923
    },
    "9": {
      "silhouette_overall": 0.6256892865536393,
      "silhouette_by_condition": {
        "sequence": 0.8777172996469035,
        "structure": 0.8859309537313624,
        "ss8": 0.8037822973312638,
        "sasa": 0.8659932239889377,
        "function": 0.010816183494221402,
        "all": 0.30989576112914713
      },
      "conditions_present": [
        "sequence",
        "structure",
        "ss8",
        "sasa",
        "function",
        "all"
      ],
      "cka_matrix": [
        [
          1.0,
          0.9996655553463241,
          0.9724488163271118,
          0.9981795399967845,
          0.7956970120816348,
          0.20001615531823858
        ],
        [
          0.9996655553463241,
          1.0,
          0.9718823799003186,
          0.9983328635949505,
          0.7945320218038155,
          0.19670452128943192
        ],
        [
          0.9724488163271118,
          0.9718823799003186,
          1.0,
          0.9745430705709477,
          0.7858681088697719,
          0.26652640232734814
        ],
        [
          0.9981795399967845,
          0.9983328635949505,
          0.9745430705709477,
          1.0,
          0.7954037616181863,
          0.20642825993537064
        ],
        [
          0.7956970120816348,
          0.7945320218038155,
          0.7858681088697719,
          0.7954037616181863,
          1.0,
          0.7273045723145862
        ],
        [
          0.20001615531823858,
          0.19670452128943192,
          0.26652640232734814,
          0.20642825993537064,
          0.7273045723145862,
          1.0
        ]
      ],
      "cka_pairs": {
        "sequence|structure": 0.9996655553463241,
        "sequence|ss8": 0.9724488163271118,
        "sequence|sasa": 0.9981795399967845,
        "sequence|function": 0.7956970120816348,
        "sequence|all": 0.20001615531823858,
        "structure|ss8": 0.9718823799003186,
        "structure|sasa": 0.9983328635949505,
        "structure|function": 0.7945320218038155,
        "structure|all": 0.19670452128943192,
        "ss8|sasa": 0.9745430705709477,
        "ss8|function": 0.7858681088697719,
        "ss8|all": 0.26652640232734814,
        "sasa|function": 0.7954037616181863,
        "sasa|all": 0.20642825993537064,
        "function|all": 0.7273045723145862
      },
      "mean_pairwise_cka": 0.7122355360863214,
      "alignment_to_all": 0.3193959822369951,
      "centroid_separation_eta_sq": 0.6941660580402013,
      "integration_index": 0.7122355360863214
    },
    "10": {
      "silhouette_overall": 0.6250501999601145,
      "silhouette_by_condition": {
        "sequence": 0.8773913890356331,
        "structure": 0.8856423562121362,
        "ss8": 0.8040326737348914,
        "sasa": 0.8655009470815782,
        "function": 0.010472981313345507,
        "all": 0.30726085238310313
      },
      "conditions_present": [
        "sequence",
        "structure",
        "ss8",
        "sasa",
        "function",
        "all"
      ],
      "cka_matrix": [
        [
          1.0,
          0.9996537282293723,
          0.9719344748632164,
          0.9981488682700563,
          0.7946655758012805,
          0.20065224154948952
        ],
        [
          0.9996537282293723,
          1.0,
          0.9713726061765342,
          0.9983015785956507,
          0.793497257969625,
          0.19733599126911025
        ],
        [
          0.9719344748632164,
          0.9713726061765342,
          1.0,
          0.974028452561782,
          0.7844870609194345,
          0.26735544866828936
        ],
        [
          0.9981488682700563,
          0.9983015785956507,
          0.974028452561782,
          1.0,
          0.7943139632232634,
          0.20707422046383525
        ],
        [
          0.7946655758012805,
          0.793497257969625,
          0.7844870609194345,
          0.7943139632232634,
          1.0,
          0.7289729584077431
        ],
        [
          0.20065224154948952,
          0.19733599126911025,
          0.26735544866828936,
          0.20707422046383525,
          0.7289729584077431,
          1.0
        ]
      ],
      "cka_pairs": {
        "sequence|structure": 0.9996537282293723,
        "sequence|ss8": 0.9719344748632164,
        "sequence|sasa": 0.9981488682700563,
        "sequence|function": 0.7946655758012805,
        "sequence|all": 0.20065224154948952,
        "structure|ss8": 0.9713726061765342,
        "structure|sasa": 0.9983015785956507,
        "structure|function": 0.793497257969625,
        "structure|all": 0.19733599126911025,
        "ss8|sasa": 0.974028452561782,
        "ss8|function": 0.7844870609194345,
        "ss8|all": 0.26735544866828936,
        "sasa|function": 0.7943139632232634,
        "sasa|all": 0.20707422046383525,
        "function|all": 0.7289729584077431
      },
      "mean_pairwise_cka": 0.712119628464579,
      "alignment_to_all": 0.3202781720716935,
      "centroid_separation_eta_sq": 0.6934988553030018,
      "integration_index": 0.712119628464579
    },
    "11": {
      "silhouette_overall": 0.6246569817809994,
      "silhouette_by_condition": {
        "sequence": 0.8772726091464036,
        "structure": 0.8854143395769607,
        "ss8": 0.8038410157928957,
        "sasa": 0.8651293485659725,
        "function": 0.009694375127982817,
        "all": 0.3065902024757808
      },
      "conditions_present": [
        "sequence",
        "structure",
        "ss8",
        "sasa",
        "function",
        "all"
      ],
      "cka_matrix": [
        [
          1.0,
          0.9996528971082802,
          0.9719404620294565,
          0.9981482233674884,
          0.7940650951989594,
          0.20084510463073607
        ],
        [
          0.9996528971082802,
          1.0,
          0.9713674564138222,
          0.9982923393690988,
          0.7929135043908426,
          0.19751559148312212
        ],
        [
          0.9719404620294565,
          0.9713674564138222,
          1.0,
          0.9739760172832779,
          0.7839158798050766,
          0.26742726727588756
        ],
        [
          0.9981482233674884,
          0.9982923393690988,
          0.9739760172832779,
          1.0,
          0.7937159906576875,
          0.20728198428961958
        ],
        [
          0.7940650951989594,
          0.7929135043908426,
          0.7839158798050766,
          0.7937159906576875,
          1.0,
          0.7294453298756952
        ],
        [
          0.20084510463073607,
          0.19751559148312212,
          0.26742726727588756,
          0.20728198428961958,
          0.7294453298756952,
          1.0
        ]
      ],
      "cka_pairs": {
        "sequence|structure": 0.9996528971082802,
        "sequence|ss8": 0.9719404620294565,
        "sequence|sasa": 0.9981482233674884,
        "sequence|function": 0.7940650951989594,
        "sequence|all": 0.20084510463073607,
        "structure|ss8": 0.9713674564138222,
        "structure|sasa": 0.9982923393690988,
        "structure|function": 0.7929135043908426,
        "structure|all": 0.19751559148312212,
        "ss8|sasa": 0.9739760172832779,
        "ss8|function": 0.7839158798050766,
        "ss8|all": 0.26742726727588756,
        "sasa|function": 0.7937159906576875,
        "sasa|all": 0.20728198428961958,
        "function|all": 0.7294453298756952
      },
      "mean_pairwise_cka": 0.7120335428786034,
      "alignment_to_all": 0.3205030555110121,
      "centroid_separation_eta_sq": 0.6934513198590972,
      "integration_index": 0.7120335428786034
    },
    "12": {
      "silhouette_overall": 0.6245776984951809,
      "silhouette_by_condition": {
        "sequence": 0.8768525080840867,
        "structure": 0.8852110434414818,
        "ss8": 0.8038278363027548,
        "sasa": 0.8649547265945652,
        "function": 0.008556536171047876,
        "all": 0.3080635403771486
      },
      "conditions_present": [
        "sequence",
        "structure",
        "ss8",
        "sasa",
        "function",
        "all"
      ],
      "cka_matrix": [
        [
          1.0,
          0.9996545307255178,
          0.972178997605375,
          0.998139393980969,
          0.7898830721554753,
          0.19879582015885153
        ],
        [
          0.9996545307255178,
          1.0,
          0.971589692334219,
          0.9982923650200052,
          0.788698117225186,
          0.19547358036232199
        ],
        [
          0.972178997605375,
          0.971589692334219,
          1.0,
          0.9742657356921302,
          0.779929016027544,
          0.26472855772514836
        ],
        [
          0.998139393980969,
          0.9982923650200052,
          0.9742657356921302,
          1.0,
          0.7895497905480894,
          0.2052885345455558
        ],
        [
          0.7898830721554753,
          0.788698117225186,
          0.779929016027544,
          0.7895497905480894,
          1.0,
          0.7320766676162733
        ],
        [
          0.19879582015885153,
          0.19547358036232199,
          0.26472855772514836,
          0.2052885345455558,
          0.7320766676162733,
          1.0
        ]
      ],
      "cka_pairs": {
        "sequence|structure": 0.9996545307255178,
        "sequence|ss8": 0.972178997605375,
        "sequence|sasa": 0.998139393980969,
        "sequence|function": 0.7898830721554753,
        "sequence|all": 0.19879582015885153,
        "structure|ss8": 0.971589692334219,
        "structure|sasa": 0.9982923650200052,
        "structure|function": 0.788698117225186,
        "structure|all": 0.19547358036232199,
        "ss8|sasa": 0.9742657356921302,
        "ss8|function": 0.779929016027544,
        "ss8|all": 0.26472855772514836,
        "sasa|function": 0.7895497905480894,
        "sasa|all": 0.2052885345455558,
        "function|all": 0.7320766676162733
      },
      "mean_pairwise_cka": 0.7105695914481774,
      "alignment_to_all": 0.3192726320816302,
      "centroid_separation_eta_sq": 0.6936902983255309,
      "integration_index": 0.7105695914481774
    },
    "13": {
      "silhouette_overall": 0.6250296728429884,
      "silhouette_by_condition": {
        "sequence": 0.8763825650978199,
        "structure": 0.885041170577077,
        "ss8": 0.8042683399060474,
        "sasa": 0.864777105865159,
        "function": 0.01086491717494502,
        "all": 0.3088439384368819
      },
      "conditions_present": [
        "sequence",
        "structure",
        "ss8",
        "sasa",
        "function",
        "all"
      ],
      "cka_matrix": [
        [
          1.0,
          0.9996580938844026,
          0.9719759691630344,
          0.9981000956307945,
          0.7907588340638368,
          0.2001356828920635
        ],
        [
          0.9996580938844026,
          1.0,
          0.9714048751659776,
          0.9982484657428722,
          0.7896023864211411,
          0.19691617152922425
        ],
        [
          0.9719759691630344,
          0.9714048751659776,
          1.0,
          0.9740741734541954,
          0.7806546254969714,
          0.26595134318458397
        ],
        [
          0.9981000956307945,
          0.9982484657428722,
          0.9740741734541954,
          1.0,
          0.7904224897431389,
          0.20682920659870457
        ],
        [
          0.7907588340638368,
          0.7896023864211411,
          0.7806546254969714,
          0.7904224897431389,
          1.0,
          0.7321234474441439
        ],
        [
          0.2001356828920635,
          0.19691617152922425,
          0.26595134318458397,
          0.20682920659870457,
          0.7321234474441439,
          1.0
        ]
      ],
      "cka_pairs": {
        "sequence|structure": 0.9996580938844026,
        "sequence|ss8": 0.9719759691630344,
        "sequence|sasa": 0.9981000956307945,
        "sequence|function": 0.7907588340638368,
        "sequence|all": 0.2001356828920635,
        "structure|ss8": 0.9714048751659776,
        "structure|sasa": 0.9982484657428722,
        "structure|function": 0.7896023864211411,
        "structure|all": 0.19691617152922425,
        "ss8|sasa": 0.9740741734541954,
        "ss8|function": 0.7806546254969714,
        "ss8|all": 0.26595134318458397,
        "sasa|function": 0.7904224897431389,
        "sasa|all": 0.20682920659870457,
        "function|all": 0.7321234474441439
      },
      "mean_pairwise_cka": 0.7111237240276723,
      "alignment_to_all": 0.32039117032974407,
      "centroid_separation_eta_sq": 0.6957296442640206,
      "integration_index": 0.7111237240276723
    },
    "14": {
      "silhouette_overall": 0.6248302652711051,
      "silhouette_by_condition": {
        "sequence": 0.8758756528303775,
        "structure": 0.8848692453194885,
        "ss8": 0.8042479908612034,
        "sasa": 0.8648903332037905,
        "function": 0.0107431832819797,
        "all": 0.30835518612979074
      },
      "conditions_present": [
        "sequence",
        "structure",
        "ss8",
        "sasa",
        "function",
        "all"
      ],
      "cka_matrix": [
        [
          1.0,
          0.9996586888331732,
          0.9717608787257122,
          0.9981237860208457,
          0.7903596761588864,
          0.2025140064203582
        ],
        [
          0.9996586888331732,
          1.0,
          0.9712041035124991,
          0.9982833563508662,
          0.7891752530923652,
          0.1993140126889821
        ],
        [
          0.9717608787257122,
          0.9712041035124991,
          1.0,
          0.9738452041423523,
          0.7801931230263565,
          0.2684367916617771
        ],
        [
          0.9981237860208457,
          0.9982833563508662,
          0.9738452041423523,
          1.0,
          0.7900280411107073,
          0.20907004554962055
        ],
        [
          0.7903596761588864,
          0.7891752530923652,
          0.7801931230263565,
          0.7900280411107073,
          1.0,
          0.7340681821726869
        ],
        [
          0.2025140064203582,
          0.1993140126889821,
          0.2684367916617771,
          0.20907004554962055,
          0.7340681821726869,
          1.0
        ]
      ],
      "cka_pairs": {
        "sequence|structure": 0.9996586888331732,
        "sequence|ss8": 0.9717608787257122,
        "sequence|sasa": 0.9981237860208457,
        "sequence|function": 0.7903596761588864,
        "sequence|all": 0.2025140064203582,
        "structure|ss8": 0.9712041035124991,
        "structure|sasa": 0.9982833563508662,
        "structure|function": 0.7891752530923652,
        "structure|all": 0.1993140126889821,
        "ss8|sasa": 0.9738452041423523,
        "ss8|function": 0.7801931230263565,
        "ss8|all": 0.2684367916617771,
        "sasa|function": 0.7900280411107073,
        "sasa|all": 0.20907004554962055,
        "function|all": 0.7340681821726869
      },
      "mean_pairwise_cka": 0.7117356766311459,
      "alignment_to_all": 0.32268060769868495,
      "centroid_separation_eta_sq": 0.6965608100137954,
      "integration_index": 0.7117356766311459
    },
    "15": {
      "silhouette_overall": 0.6244074788846964,
      "silhouette_by_condition": {
        "sequence": 0.8757158171670415,
        "structure": 0.884603512504,
        "ss8": 0.8028045669409154,
        "sasa": 0.864681838361111,
        "function": 0.009963995553059265,
        "all": 0.308675142782051
      },
      "conditions_present": [
        "sequence",
        "structure",
        "ss8",
        "sasa",
        "function",
        "all"
      ],
      "cka_matrix": [
        [
          1.0,
          0.9996593397415767,
          0.9718427129608288,
          0.9981379435176982,
          0.7906857868462137,
          0.20265761459035636
        ],
        [
          0.9996593397415767,
          1.0,
          0.9713026726255722,
          0.9983151145871321,
          0.7895636907828595,
          0.19946885082513766
        ],
        [
          0.9718427129608288,
          0.9713026726255722,
          1.0,
          0.9739610538523967,
          0.7806926483686235,
          0.268773991444918
        ],
        [
          0.9981379435176982,
